,Date,Adj Close,daily_return
0,2017-01-03,10.998250961303713,
1,2017-01-04,11.241995811462402,0.0221621466009716
2,2017-01-05,10.498872756958008,-0.06610241339413259
3,2017-01-06,11.010141372680664,0.04869747710617967
4,2017-01-09,10.950692176818848,-0.005399494325234233
5,2017-01-10,11.016085624694824,0.005971626890800996
6,2017-01-11,11.045812606811523,0.002698506813532786
7,2017-01-12,10.79017448425293,-0.023143441923046185
8,2017-01-13,10.629660606384276,-0.014875929773230824
9,2017-01-17,10.671274185180664,0.00391485488928911
10,2017-01-18,10.79017448425293,0.01114209015802303
11,2017-01-19,10.61777114868164,-0.015977807942113675
12,2017-01-20,10.653438568115234,0.0033592190803644058
13,2017-01-23,10.623716354370117,-0.0027899174107103297
14,2017-01-24,10.944747924804688,0.030218386836214032
15,2017-01-25,11.2003812789917,0.023356714649193092
16,2017-01-26,10.962581634521484,-0.02123138833820326
17,2017-01-27,11.123095512390137,0.014641977886229897
18,2017-01-30,10.70100212097168,-0.03794747522830155
19,2017-01-31,10.897186279296877,0.018333251045779875
20,2017-02-01,10.808012962341307,-0.008183150647336102
21,2017-02-02,10.819901466369627,0.001099971296272928
22,2017-02-03,10.974472999572754,0.014285854051773628
23,2017-02-06,10.736669540405273,-0.021668781651450475
24,2017-02-07,10.950692176818848,0.01993380122282273
25,2017-02-08,10.879352569580078,-0.0065146208191100285
26,2017-02-09,11.283611297607422,0.0371583442527359
27,2017-02-10,11.60464096069336,0.0284509679231868
28,2017-02-13,11.640310287475586,0.00307371222453523
29,2017-02-14,11.47979736328125,-0.013789402535690163
30,2017-02-15,11.45007038116455,-0.0025895040806018788
31,2017-02-16,11.610587120056152,0.014018842989441671
32,2017-02-17,11.313337326049805,-0.025601616088206103
33,2017-02-21,11.497631072998047,0.016289954205103818
34,2017-02-22,11.568970680236815,0.006204722241115235
35,2017-02-23,11.40845775604248,-0.013874434349508524
36,2017-02-24,11.414400100708008,0.0005208718647689015
37,2017-02-27,11.574915885925293,0.014062568667741806
38,2017-02-28,11.366840362548828,-0.017976417749132608
39,2017-03-01,11.646257400512695,0.024581768464390752
40,2017-03-02,11.89000129699707,0.020928946364661805
41,2017-03-03,11.47979736328125,-0.034499906557572964
42,2017-03-06,11.354951858520508,-0.010875235930563276
43,2017-03-07,11.354951858520508,0.0
44,2017-03-08,11.295501708984375,-0.0052356144065482954
45,2017-03-09,11.0220308303833,-0.024210600436061824
46,2017-03-10,10.932854652404783,-0.008090721152103297
47,2017-03-13,10.86746311187744,-0.0059811954522747115
48,2017-03-14,10.920965194702148,0.004923143724889556
49,2017-03-15,11.20632553100586,0.026129589392166697
50,2017-03-16,11.1409330368042,-0.0058353198843573715
51,2017-03-17,11.349004745483398,0.018676327017838727
52,2017-03-20,11.15876579284668,-0.016762611074986892
53,2017-03-21,10.944747924804688,-0.019179349402528745
54,2017-03-22,10.891240119934082,-0.0048889024432748895
55,2017-03-23,10.855571746826172,-0.0032749597580377103
56,2017-03-24,10.766395568847656,-0.008214784081233441
57,2017-03-27,10.808012962341307,0.0038654899151271405
58,2017-03-28,10.802067756652832,-0.0005500738858464915
59,2017-03-29,10.861516952514648,0.005503501477779782
60,2017-03-30,10.849624633789062,-0.0010949040339004457
61,2017-03-31,10.676270484924316,-0.015977893679830046
62,2017-04-03,10.198049545288086,-0.04479288346164645
63,2017-04-04,10.144250869750977,-0.005275388719989782
64,2017-04-05,10.042630195617676,-0.010017563192992629
65,2017-04-06,10.144250869750977,0.01011893021587573
66,2017-04-07,10.096426010131836,-0.00471447918956236
67,2017-04-10,10.132296562194824,0.0035527970023245814
68,2017-04-11,10.02469539642334,-0.010619622620696044
69,2017-04-12,9.899163246154783,-0.012522290733476549
70,2017-04-13,9.725808143615724,-0.017512096550826858
71,2017-04-17,9.815474510192873,0.009219425805351513
72,2017-04-18,9.923075675964355,0.010962400815135664
73,2017-04-19,10.210005760192873,0.028915438478769095
74,2017-04-20,10.281740188598633,0.007025894998555327
75,2017-04-21,10.132296562194824,-0.014534857296776059
76,2017-04-24,10.323582649230957,0.018878848034299626
77,2017-04-25,10.437158584594727,0.01100160082238788
78,2017-04-26,10.580626487731934,0.013745877479428792
79,2017-04-27,10.407271385192873,-0.01638420019268827
80,2017-04-28,10.353473663330078,-0.005169243682771274
81,2017-05-01,10.377385139465332,0.0023095124315566373
82,2017-05-02,10.652359008789062,0.02649741390805671
83,2017-05-03,10.407271385192873,-0.02300782609692109
84,2017-05-04,10.550736427307127,0.013785077452517669
85,2017-05-05,10.437158584594727,-0.010764920865470762
86,2017-05-08,10.467049598693848,0.0028639034136397346
87,2017-05-09,10.431181907653807,-0.003426724092767897
88,2017-05-10,10.431181907653807,0.0
89,2017-05-11,10.467049598693848,0.003438506907230021
90,2017-05-12,10.496938705444336,0.002855542669275124
91,2017-05-15,10.467049598693848,-0.0028474117634873512
92,2017-05-16,10.47900390625,0.0011420895108440465
93,2017-05-17,9.94698715209961,-0.05076978297842594
94,2017-05-18,9.767650604248047,-0.018029232883216118
95,2017-05-19,9.713851928710938,-0.005507841928100055
96,2017-05-22,9.660052299499512,-0.005538444440604695
97,2017-05-23,9.767650604248047,0.011138480560204613
98,2017-05-24,9.725808143615724,-0.00428377941919056
99,2017-05-25,9.88720703125,0.01659490761600324
100,2017-05-26,9.803519248962402,-0.008464249006123747
101,2017-05-30,9.923075675964355,0.012195256006112931
102,2017-05-31,10.10240650177002,0.01807210099586753
103,2017-06-01,10.281740188598633,0.01775158095224061
104,2017-06-02,10.20402717590332,-0.007558352114507616
105,2017-06-05,10.192070960998537,-0.0011717153138338654
106,2017-06-06,10.281740188598633,0.00879793988319233
107,2017-06-07,10.365429878234863,0.008139642521703959
108,2017-06-08,10.77789306640625,0.0397921931860703
109,2017-06-09,11.034934997558594,0.023848996234108192
110,2017-06-12,10.909403800964355,-0.011375798463879594
111,2017-06-13,10.957225799560547,0.0043835574765289645
112,2017-06-14,10.951250076293944,-0.0005453682689320338
113,2017-06-15,11.011025428771973,0.005458313166222473
114,2017-06-16,10.90342617034912,-0.009771956219599255
115,2017-06-19,10.885492324829102,-0.0016447899256462062
116,2017-06-20,10.795825004577637,-0.00823732336358729
117,2017-06-21,10.688227653503418,-0.009966570505597794
118,2017-06-22,10.843648910522461,0.01454134979695154
119,2017-06-23,10.909403800964355,0.006063908098139059
120,2017-06-26,11.142535209655762,0.021369766207645302
121,2017-06-27,11.15449333190918,0.0010731958237883976
122,2017-06-28,11.22024631500244,0.005894753005514231
123,2017-06-29,11.11264705657959,-0.009589741205501046
124,2017-06-30,11.070576667785645,-0.0037858116594313702
125,2017-07-03,10.95037841796875,-0.010857451551431807
126,2017-07-05,10.812142372131348,-0.012623860159076128
127,2017-07-06,10.86623477935791,0.005002931460279969
128,2017-07-07,11.016487121582033,0.013827452220114944
129,2017-07-10,10.914312362670898,-0.009274713235126186
130,2017-07-11,10.944364547729492,0.002753465730134241
131,2017-07-12,10.998455047607422,0.0049423152565903905
132,2017-07-13,10.896284103393556,-0.009289572378266995
133,2017-07-14,10.908304214477539,0.001103138553466998
134,2017-07-17,10.896284103393556,-0.0011019229797450958
135,2017-07-18,10.854214668273926,-0.0038608974142413377
136,2017-07-19,10.980428695678713,0.011628112328909479
137,2017-07-20,10.986437797546387,0.0005472556704493313
138,2017-07-21,10.908304214477539,-0.0071118213663665655
139,2017-07-24,11.064567565917967,0.01432517358958818
140,2017-07-25,11.19077968597412,0.011406873274010463
141,2017-07-26,11.184769630432127,-0.0005370542277339796
142,2017-07-27,11.244869232177734,0.005373342834177342
143,2017-07-28,11.449213027954102,0.018172180712571432
144,2017-07-31,11.292954444885256,-0.013647975864134021
145,2017-08-01,11.274919509887695,-0.0015970076816991252
146,2017-08-02,11.070576667785645,-0.01812366304902213
147,2017-08-03,10.944364547729492,-0.01140068163056207
148,2017-08-04,10.968404769897461,0.0021965845584845933
149,2017-08-07,10.854214668273926,-0.010410821265178671
150,2017-08-08,10.746031761169434,-0.00996690321785354
151,2017-08-09,10.72199249267578,-0.002237036799064729
152,2017-08-10,10.5657320022583,-0.014573829493372712
153,2017-08-11,10.445528030395508,-0.0113767765297379
154,2017-08-14,10.788104057312012,0.03279642981375752
155,2017-08-15,10.631840705871582,-0.014484783480978482
156,2017-08-16,10.661890029907227,0.002826351980522945
157,2017-08-17,10.667901039123537,0.0005637845822314969
158,2017-08-18,10.703962326049805,0.0033803544665456093
159,2017-08-21,10.72199249267578,0.0016844385356342695
160,2017-08-22,10.812142372131348,0.00840794092302799
161,2017-08-23,10.806135177612305,-0.0005555970604426141
162,2017-08-24,10.824162483215332,0.0016682472786733182
163,2017-08-25,10.836183547973633,0.0011105768946966244
164,2017-08-28,10.818155288696287,-0.0016637092937316078
165,2017-08-29,10.818155288696287,0.0
166,2017-08-30,10.902294158935547,0.007777561700114788
167,2017-08-31,10.914312362670898,0.0011023554822635617
168,2017-09-01,10.95037841796875,0.003304473438125566
169,2017-09-05,10.812142372131348,-0.012623860159076128
170,2017-09-06,10.812142372131348,0.0
171,2017-09-07,10.788104057312012,-0.0022232702818726358
172,2017-09-08,10.758051872253418,-0.002785678085689636
173,2017-09-11,10.872243881225586,0.010614562034849895
174,2017-09-12,10.872243881225586,0.0
175,2017-09-13,10.896284103393556,0.0022111555287573914
176,2017-09-14,10.980428695678713,0.007722319965845159
177,2017-09-15,11.00446891784668,0.0021893700905710745
178,2017-09-18,11.154718399047852,0.013653496804148624
179,2017-09-19,11.118658065795898,-0.0032327425903491136
180,2017-09-20,11.076587677001953,-0.0037837649602127103
181,2017-09-21,11.058557510375977,-0.0016277726635444134
182,2017-09-22,11.09461784362793,0.0032608532548770164
183,2017-09-25,10.99244785308838,-0.00920896888739875
184,2017-09-26,11.016487121582033,0.0021868894731120747
185,2017-09-27,11.09461784362793,0.007092162972063276
186,2017-09-28,11.166738510131836,0.006500509302835411
187,2017-09-29,11.118658065795898,-0.0043056837314058285
188,2017-10-02,11.390583992004395,0.02445672171941471
189,2017-10-03,11.58395004272461,0.016975955829477085
190,2017-10-04,11.420795440673828,-0.014084539509323203
191,2017-10-05,11.408711433410645,-0.0010580705456073591
192,2017-10-06,11.23346996307373,-0.015360321045873369
193,2017-10-09,11.088441848754883,-0.012910357600597002
194,2017-10-10,11.330154418945312,0.0217986055649082
195,2017-10-11,11.29994010925293,-0.0026667164961018397
196,2017-10-12,11.31806755065918,0.0016042068569377401
197,2017-10-13,11.402667045593262,0.007474729635197796
198,2017-10-16,11.58395004272461,0.015898297863692123
199,2017-10-17,11.324111938476562,-0.022430872309505582
200,2017-10-18,11.408711433410645,0.007470739903818301
201,2017-10-19,11.293900489807127,-0.01006344531313952
202,2017-10-20,11.475180625915527,0.016051154007599818
203,2017-10-23,11.354329109191895,-0.010531556814949106
204,2017-10-24,11.420795440673828,0.0058538316832938975
205,2017-10-25,11.378495216369627,-0.0037037896811945577
206,2017-10-26,11.31806755065918,-0.005310690435015864
207,2017-10-27,11.481222152709961,0.01441541158157156
208,2017-10-30,11.215343475341797,-0.0231576981815832
209,2017-10-31,11.408711433410645,0.017241376378172468
210,2017-11-01,11.348284721374512,-0.005296541365677143
211,2017-11-02,11.426837921142578,0.00692203286194526
212,2017-11-03,11.402667045593262,-0.0021152724591108067
213,2017-11-06,11.481222152709961,0.006889187135132424
214,2017-11-07,11.354329109191895,-0.011052224391295828
215,2017-11-08,11.402667045593262,0.004257225234226779
216,2017-11-09,11.348284721374512,-0.004769263541705039
217,2017-11-10,11.324111938476562,-0.0021300825183228067
218,2017-11-13,11.23346996307373,-0.008004334105428002
219,2017-11-14,11.34223747253418,0.00968244984123223
220,2017-11-15,11.227426528930664,-0.010122424599338207
221,2017-11-16,11.463093757629395,0.020990315820946792
222,2017-11-17,11.444967269897461,-0.0015812910646281206
223,2017-11-20,11.614163398742676,0.01478345239922474
224,2017-11-21,11.849831581115724,0.020291447113492508
225,2017-11-22,11.83170223236084,-0.0015299245926647664
226,2017-11-24,11.916301727294922,0.00715023867847986
227,2017-11-27,11.728976249694824,-0.015720101914759255
228,2017-11-28,11.777316093444824,0.004121403498558385
229,2017-11-29,11.686676025390625,-0.007696156521149078
230,2017-11-30,11.54164981842041,-0.012409534298300828
231,2017-12-01,11.60812282562256,0.005759402533254797
232,2017-12-04,11.62624740600586,0.0015613704864745337
233,2017-12-05,11.559779167175293,-0.005717084499357039
234,2017-12-06,11.62020778656006,0.005227489081829351
235,2017-12-07,11.55373764038086,-0.005720220102783391
236,2017-12-08,11.511436462402346,-0.0036612548506095295
237,2017-12-11,11.54164981842041,0.002624638212332941
238,2017-12-12,11.535609245300293,-0.0005233717202610677
239,2017-12-13,11.499353408813475,-0.0031429494286648874
240,2017-12-14,11.463093757629395,-0.0031531904355848184
241,2017-12-15,11.662505149841307,0.01739594880999662
242,2017-12-18,11.910258293151855,0.021243561321292903
243,2017-12-19,11.855873107910154,-0.004566247339318541
244,2017-12-20,11.789403915405273,-0.005606435890456174
245,2017-12-21,11.855873107910154,0.005638045229583222
246,2017-12-22,11.777316093444824,-0.006625999936935689
247,2017-12-26,11.79544734954834,0.0015395066210039945
248,2017-12-27,11.78335952758789,-0.0010247870726930453
249,2017-12-28,11.916301727294922,0.011282198374392259
250,2017-12-29,11.934521675109865,0.0015289934941147276
251,2018-01-02,12.062066078186035,0.010687014238884185
252,2018-01-03,11.940592765808105,-0.010070688685548723
253,2018-01-04,12.329301834106445,0.032553582215064665
254,2018-01-05,12.420408248901367,0.007389422046826244
255,2018-01-08,12.499361038208008,0.0063566984051126605
256,2018-01-09,12.784815788269045,0.02283754739049937
257,2018-01-10,12.888069152832033,0.008076249691272963
258,2018-01-11,13.185672760009766,0.0230914036578036
259,2018-01-12,13.392170906066895,0.01566079712545321
260,2018-01-16,13.695846557617188,0.022675610525006332
261,2018-01-17,13.75658893585205,0.004435094828152852
262,2018-01-18,13.616894721984865,-0.010154713099198465
263,2018-01-19,13.762659072875975,0.010704669006199373
264,2018-01-22,13.188632011413574,-0.04170902282929589
265,2018-01-23,13.167627334594727,-0.0015926349905486248
266,2018-01-24,12.9506196975708,-0.01648039024113257
267,2018-01-25,12.901618003845215,-0.0037837335100480147
268,2018-01-26,12.985620498657227,0.006511004649724983
269,2018-01-29,12.964618682861328,-0.0016173132272016
270,2018-01-30,12.943617820739744,-0.001619859606773133
271,2018-01-31,12.810612678527832,-0.010275731565466684
272,2018-02-01,12.99962329864502,0.014754221742570685
273,2018-02-02,12.796613693237305,-0.01561657601485078
274,2018-02-05,12.502599716186525,-0.022975920356661076
275,2018-02-06,12.446595191955565,-0.0044794303186763695
276,2018-02-07,12.51659870147705,0.005624309977296571
277,2018-02-08,12.11758041381836,-0.031879130838604275
278,2018-02-09,12.11758041381836,0.0
279,2018-02-12,12.110580444335938,-0.0005776705615618827
280,2018-02-13,12.012577056884766,-0.008092377396907269
281,2018-02-14,12.047577857971193,0.002913679630996979
282,2018-02-15,12.040576934814453,-0.0005811062803887658
283,2018-02-16,11.907570838928224,-0.011046488603187354
284,2018-02-20,11.914572715759276,0.0005880189104701117
285,2018-02-21,12.026577949523926,0.009400692449214043
286,2018-02-22,11.991575241088867,-0.0029104462285087784
287,2018-02-23,12.012577056884766,0.0017513808964759734
288,2018-02-26,12.215584754943848,0.016899595906669562
289,2018-02-27,12.103581428527832,-0.009168887831643602
290,2018-02-28,11.914572715759276,-0.015615932679485134
291,2018-03-01,11.83056640625,-0.007050719443607134
292,2018-03-02,11.914572715759276,0.00710078508708567
293,2018-03-05,11.837567329406738,-0.006463126138857135
294,2018-03-06,11.872570037841795,0.002956917368326373
295,2018-03-07,12.05457592010498,0.015329948080581747
296,2018-03-08,12.173580169677734,0.009872122450552244
297,2018-03-09,12.36959171295166,0.016101388461067234
298,2018-03-12,12.46759796142578,0.007923159530924595
299,2018-03-13,12.362591743469238,-0.00842232948812005
300,2018-03-14,12.390595436096193,0.0022651959401431827
301,2018-03-15,12.36959171295166,-0.0016951342857458587
302,2018-03-16,12.537602424621582,0.013582559195871148
303,2018-03-19,12.4255952835083,-0.008933696995632845
304,2018-03-20,12.306591033935547,-0.009577347954564441
305,2018-03-21,12.264588356018065,-0.0034130229729467665
306,2018-03-22,12.0825777053833,-0.014840339141545922
307,2018-03-23,11.851566314697266,-0.0191193796819622
308,2018-03-26,11.88656997680664,0.00295350514690762
309,2018-03-27,11.662557601928713,-0.01884583822877639
310,2018-03-28,11.69755744934082,0.0030010439053540505
311,2018-03-29,11.788564682006836,0.007780020150372823
312,2018-04-02,11.66884708404541,-0.010155400694721872
313,2018-04-03,11.915321350097654,0.021122418031276124
314,2018-04-04,12.070250511169435,0.013002516383707086
315,2018-04-05,12.1829252243042,0.009334910905991478
316,2018-04-06,12.00687026977539,-0.014450959132342844
317,2018-04-09,11.936450958251953,-0.005864918162787336
318,2018-04-10,12.239262580871582,0.02536864799082417
319,2018-04-11,12.373064041137695,0.010932150477368507
320,2018-04-12,12.506868362426758,0.01081416218684339
321,2018-04-13,12.499822616577148,-0.0005633501245424499
322,2018-04-16,12.647706985473633,0.011830917400408758
323,2018-04-17,12.570242881774902,-0.006124754770781893
324,2018-04-18,12.556159019470215,-0.001120412901894463
325,2018-04-19,12.457569122314453,-0.007851915303309198
326,2018-04-20,12.358979225158693,-0.007914055799149609
327,2018-04-23,12.344895362854006,-0.0011395651734746881
328,2018-04-24,12.2744722366333,-0.005704635329077723
329,2018-04-25,12.232220649719238,-0.003442232472363416
330,2018-04-26,12.189966201782227,-0.0034543562568896125
331,2018-04-27,11.978702545166016,-0.0173309468721351
332,2018-04-30,11.992785453796387,0.0011756622703729125
333,2018-05-01,12.119545936584473,0.01056972821505453
334,2018-05-02,12.211094856262207,0.007553824223841765
335,2018-05-03,12.14771556854248,-0.005190303446641731
336,2018-05-04,12.394189834594727,0.02028976268513505
337,2018-05-07,12.92938995361328,0.04318153313455797
338,2018-05-08,13.915291786193848,0.0762527726457074
339,2018-05-09,14.323739051818848,0.029352403952480843
340,2018-05-10,14.182896614074707,-0.009832798352065521
341,2018-05-11,14.112476348876953,-0.004965153953662149
342,2018-05-14,13.788533210754395,-0.022954379523076215
343,2018-05-15,13.950506210327148,0.011746934724458093
344,2018-05-16,14.070219993591307,0.008581321814368216
345,2018-05-17,14.013886451721193,-0.004003742791212407
346,2018-05-18,13.96458911895752,-0.003517748836734613
347,2018-05-21,14.013886451721193,0.0035301670778662424
348,2018-05-22,14.084304809570312,0.005024898559847335
349,2018-05-23,14.21810817718506,0.009500175509111973
350,2018-05-24,14.42232894897461,0.014363427907887916
351,2018-05-25,14.478665351867676,0.00390619317395835
352,2018-05-29,14.612469673156738,0.009241481727582102
353,2018-05-30,14.619508743286133,0.00048171666301732863
354,2018-05-31,14.556134223937988,-0.004334928106065727
355,2018-06-01,14.499792098999025,-0.0038706791289617733
356,2018-06-04,14.46458339691162,-0.002428221166690836
357,2018-06-05,14.527960777282715,0.004381555875617282
358,2018-06-06,14.767396926879885,0.016481056995388817
359,2018-06-07,14.598384857177734,-0.011444946630676078
360,2018-06-08,14.44345474243164,-0.010612825751741828
361,2018-06-11,14.246275901794435,-0.013651778203585764
362,2018-06-12,14.35894775390625,0.007908863543603095
363,2018-06-13,14.626553535461426,0.018636865746821663
364,2018-06-14,14.380074501037598,-0.016851477268807757
365,2018-06-15,14.337823867797852,-0.002938137298015953
366,2018-06-18,14.401205062866213,0.004420558911363948
367,2018-06-19,14.373034477233887,-0.0019561269705800077
368,2018-06-20,14.380074501037598,0.0004898077587487394
369,2018-06-21,14.035013198852539,-0.023995793774236773
370,2018-06-22,16.408214569091793,0.16909149543466628
371,2018-06-25,16.274417877197266,-0.008154250502462435
372,2018-06-26,16.351879119873047,0.004759693603807236
373,2018-06-27,16.365962982177734,0.0008612993162095961
374,2018-06-28,16.33779525756836,-0.0017211162361817633
375,2018-06-29,16.330753326416016,-0.00043102089610780325
376,2018-07-02,16.41525650024414,0.005174481062758751
377,2018-07-03,16.429405212402347,0.0008619245247856178
378,2018-07-05,16.64158058166504,0.012914367046137798
379,2018-07-06,16.478910446166992,-0.009774920999828018
380,2018-07-09,16.514272689819336,0.0021459090859110574
381,2018-07-10,16.783029556274414,0.01627421755126757
382,2018-07-11,16.422330856323242,-0.02149187062691693
383,2018-07-12,16.535491943359375,0.0068906836688509285
384,2018-07-13,16.500129699707028,-0.0021385661686678104
385,2018-07-16,16.684011459350586,0.011144261468855277
386,2018-07-17,16.747669219970707,0.0038154948991264703
387,2018-07-18,16.57792854309082,-0.010135182075215576
388,2018-07-19,16.662797927856445,0.0051194203512836545
389,2018-07-20,16.592073440551758,-0.004244454479427562
390,2018-07-23,16.620361328125,0.0017049037104732714
391,2018-07-24,16.39404296875,-0.013616933766176564
392,2018-07-25,16.30209732055664,-0.0056084791511541434
393,2018-07-26,16.047489166259766,-0.015618122582044647
394,2018-07-27,15.736300468444824,-0.01939173752297796
395,2018-07-30,15.495831489562988,-0.015281163407119491
396,2018-07-31,15.637285232543945,0.009128502918751558
397,2018-08-01,15.736300468444824,0.006331996534463036
398,2018-08-02,16.096996307373047,0.02292126028296848
399,2018-08-03,15.792879104614258,-0.01889279198128979
400,2018-08-06,15.849459648132324,0.00358266172641919
401,2018-08-07,15.729226112365724,-0.007585970653628427
402,2018-08-08,15.87067699432373,0.008992869766606182
403,2018-08-09,15.708009719848633,-0.010249548556326649
404,2018-08-10,15.559487342834473,-0.009455200223519531
405,2018-08-13,15.368529319763185,-0.012272770873728578
406,2018-08-14,15.34024143218994,-0.001840637251924182
407,2018-08-15,14.99368953704834,-0.022591032655744026
408,2018-08-16,15.007832527160645,0.000943262835832348
409,2018-08-17,15.071484565734865,0.004241254588830623
410,2018-08-20,14.99368953704834,-0.00516173628067096
411,2018-08-21,15.248298645019533,0.016981084431692
412,2018-08-22,15.163432121276855,-0.005565638876727896
413,2018-08-23,15.029047966003418,-0.008862383805897989
414,2018-08-24,15.09270477294922,0.0042355847881914155
415,2018-08-27,15.220009803771973,0.008434871862790459
416,2018-08-28,15.142210006713867,-0.005111678511456996
417,2018-08-29,15.014904022216795,-0.008407358268088139
418,2018-08-30,15.036125183105467,0.0014133397627631439
419,2018-08-31,15.120990753173828,0.005644111699982135
420,2018-09-04,14.922964096069336,-0.013096142993337057
421,2018-09-05,14.80980396270752,-0.007582952866020953
422,2018-09-06,14.661279678344727,-0.010028781254417085
423,2018-09-07,14.533973693847654,-0.00868314276038995
424,2018-09-10,14.519830703735352,-0.0009730986452995972
425,2018-09-11,14.576411247253418,0.0038967770818092435
426,2018-09-12,14.555192947387695,-0.0014556600733750535
427,2018-09-13,14.555192947387695,0.0
428,2018-09-14,14.533973693847654,-0.0014578476298281462
429,2018-09-17,14.272294998168945,-0.018004621529587594
430,2018-09-18,13.904521942138672,-0.0257683193962468
431,2018-09-19,13.74185562133789,-0.0116988071562395
432,2018-09-20,13.975249290466307,0.016984145049960375
433,2018-09-21,13.982322692871096,0.0005061378339501488
434,2018-09-24,14.017683029174805,0.002528931500181741
435,2018-09-25,14.095481872558596,0.005550050120399329
436,2018-09-26,13.777219772338867,-0.022579015254478696
437,2018-09-27,13.770146369934082,-0.0005134129034499724
438,2018-09-28,13.784289360046387,0.0010270762366901831
439,2018-10-01,13.371968269348145,-0.029912393735244014
440,2018-10-02,13.371968269348145,0.0
441,2018-10-03,14.040212631225586,0.04997352285147305
442,2018-10-04,13.883816719055176,-0.011139141284981946
443,2018-10-05,13.8624906539917,-0.0015360376397224318
444,2018-10-08,13.8624906539917,0.0
445,2018-10-09,13.8624906539917,0.0
446,2018-10-10,13.720309257507324,-0.010256554902955628
447,2018-10-11,13.116048812866213,-0.04404131374156006
448,2018-10-12,13.27244472503662,0.011924011140991508
449,2018-10-15,13.059176445007324,-0.016068500148054388
450,2018-10-16,13.165812492370605,0.008165602770766611
451,2018-10-17,13.180030822753904,0.0010799432539039255
452,2018-10-18,12.988085746765135,-0.01456332527367066
453,2018-10-19,12.916994094848633,-0.005473605064103325
454,2018-10-22,12.83168888092041,-0.006604107217347277
455,2018-10-23,12.774816513061525,-0.004432181015816994
456,2018-10-24,12.611310958862305,-0.012799053045657871
457,2018-10-25,12.632638931274414,0.0016911780608439564
458,2018-10-26,12.469133377075195,-0.012943103581820159
459,2018-10-29,12.390932083129885,-0.006271590140264682
460,2018-10-30,12.61841869354248,0.01835912011190155
461,2018-10-31,12.55444049835205,-0.005070222881665143
462,2018-11-01,12.533111572265625,-0.001698914904987192
463,2018-11-02,12.80325412750244,0.021554308655051813
464,2018-11-05,12.781925201416016,-0.001665898831189172
465,2018-11-06,12.817471504211426,0.0027809819127615487
466,2018-11-07,13.101829528808596,0.022185188748321986
467,2018-11-08,12.909887313842773,-0.014650031474136902
468,2018-11-09,12.874342918395994,-0.0027532692255699547
469,2018-11-12,12.682400703430176,-0.014908894083561662
470,2018-11-13,12.518893241882324,-0.012892469286483577
471,2018-11-14,12.540223121643065,0.0017038151335440064
472,2018-11-15,12.696619987487793,0.012471617476630392
473,2018-11-16,12.767709732055664,0.005599107844286744
474,2018-11-19,12.61841869354248,-0.011692859694198863
475,2018-11-20,12.483349800109865,-0.010704106173124341
476,2018-11-21,12.454915046691895,-0.002277814358588315
477,2018-11-23,12.518893241882324,0.005136782944771935
478,2018-11-26,12.44780731201172,-0.005678291882287412
479,2018-11-27,12.46202278137207,0.0011420058974267455
480,2018-11-28,12.646857261657715,0.014831820124894255
481,2018-11-29,12.575765609741213,-0.0056212899731251645
482,2018-11-30,12.6610746383667,0.006783605171474028
483,2018-12-03,12.867234230041506,0.016282945765921264
484,2018-12-04,12.696619987487793,-0.01325958939609373
485,2018-12-06,12.696619987487793,0.0
486,2018-12-07,12.696619987487793,0.0
487,2018-12-10,12.717945098876953,0.0016795896396186727
488,2018-12-11,12.6610746383667,-0.004471670546468687
489,2018-12-12,12.789033889770508,0.010106507943334895
490,2018-12-13,12.682400703430176,-0.008337860956457721
491,2018-12-14,12.6610746383667,-0.0016815479625800214
492,2018-12-17,12.59709358215332,-0.0050533669566640285
493,2018-12-18,12.75349235534668,0.012415464898580586
494,2018-12-19,12.526002883911133,-0.017837425631903603
495,2018-12-20,12.34827995300293,-0.014188319494679138
496,2018-12-21,12.26297092437744,-0.006908575846204745
497,2018-12-24,12.156335830688475,-0.008695698158835752
498,2018-12-26,12.533111572265625,0.0309941866385417
499,2018-12-27,12.61841869354248,0.006806539683699153
500,2018-12-28,12.909887313842773,0.023098664529926705
501,2018-12-31,12.917036056518555,0.0005537416789158645
502,2019-01-02,13.167229652404785,0.019369272857295398
503,2019-01-03,14.61118984222412,0.10966317349493626
504,2019-01-04,14.882826805114744,0.018591022758847053
505,2019-01-07,15.28313159942627,0.026897094184684892
506,2019-01-08,15.797816276550293,0.03367665021894761
507,2019-01-09,15.74062728881836,-0.003620056514824999
508,2019-01-10,15.70488452911377,-0.0022707328652639136
509,2019-01-11,15.840704917907715,0.008648289552346755
510,2019-01-14,15.712035179138185,-0.008122728087944453
511,2019-01-15,15.74062728881836,0.001819758507041636
512,2019-01-16,15.847850799560547,0.006811895661766654
513,2019-01-17,15.890740394592285,0.002706335109674773
514,2019-01-18,16.27675437927246,0.024291755770646132
515,2019-01-22,16.112342834472653,-0.010101002999048592
516,2019-01-23,16.105192184448242,-0.00044379952052109317
517,2019-01-24,16.06230354309082,-0.0026630319505802635
518,2019-01-25,16.076597213745114,0.0008898892127113811
519,2019-01-28,15.890740394592285,-0.011560706328695323
520,2019-01-29,16.033708572387695,0.008996948804478766
521,2019-01-30,16.09089469909668,0.003566618817524736
522,2019-01-31,16.283899307250973,0.011994647393045677
523,2019-02-01,16.405426025390625,0.0074629986249998845
524,2019-02-04,15.87904453277588,-0.032085816716985294
525,2019-02-05,15.72990608215332,-0.009392155196411456
526,2019-02-06,15.808863639831545,0.005019582269967016
527,2019-02-07,15.52812671661377,-0.01775819752853325
528,2019-02-08,15.4228515625,-0.0067796429044550965
529,2019-02-11,15.52812671661377,0.006825920205945746
530,2019-02-12,15.300028800964355,-0.014689338888854375
531,2019-02-13,15.27371311187744,-0.0017199764411722773
532,2019-02-14,15.229846954345705,-0.0028720035010755267
533,2019-02-15,15.440397262573242,0.013824847279076513
534,2019-02-19,15.194753646850586,-0.01590915127022563
535,2019-02-20,15.378988265991213,0.012124883589594404
536,2019-02-21,15.41407871246338,0.002281713586437029
537,2019-02-22,15.493034362792967,0.005122307456866926
538,2019-02-25,15.352666854858398,-0.009060039799025144
539,2019-02-26,15.457942962646484,0.0068571870140443645
540,2019-02-27,15.493034362792967,0.0022701209489051077
541,2019-02-28,15.25616455078125,-0.015288794077715884
542,2019-03-01,15.264938354492188,0.0005750989170136832
543,2019-03-04,15.335121154785154,0.004597647148199213
544,2019-03-05,15.185980796813965,-0.00972541113081793
545,2019-03-06,14.782423973083494,-0.02657430093781876
546,2019-03-07,14.606966972351074,-0.011869298367568115
547,2019-03-08,14.703469276428224,0.006606594254633169
548,2019-03-11,14.729790687561035,0.0017901497012686731
549,2019-03-12,14.659602165222168,-0.00476507262239234
550,2019-03-13,14.72101593017578,0.004189320028022747
551,2019-03-14,14.598193168640135,-0.00834336177056072
552,2019-03-15,14.72101593017578,0.008413559138229054
553,2019-03-18,14.659602165222168,-0.0041718428432457886
554,2019-03-19,14.519238471984865,-0.009574863741547923
555,2019-03-20,14.589420318603516,0.004833714023918523
556,2019-03-21,14.519238471984865,-0.004810461628085294
557,2019-03-22,13.940221786499025,-0.03987927373760425
558,2019-03-25,13.9928617477417,0.0037761207855140366
559,2019-03-26,14.045498847961426,0.0037617108757772577
560,2019-03-27,14.05427074432373,0.0006245343406636739
561,2019-03-28,14.01917839050293,-0.002496917446604185
562,2019-03-29,13.773536682128904,-0.017521833415033217
563,2019-04-01,14.073728561401367,0.021794829185880715
564,2019-04-02,13.941291809082033,-0.009410210786824136
565,2019-04-03,14.056071281433105,0.008233058594778075
566,2019-04-04,13.994266510009766,-0.00439701607838161
567,2019-04-05,14.100215911865234,0.007570914972905962
568,2019-04-08,14.02075481414795,-0.005635452550086018
569,2019-04-09,13.83534049987793,-0.013224274778910085
570,2019-04-10,14.082555770874025,0.01786839080673697
571,2019-04-11,14.117874145507812,0.0025079520513480173
572,2019-04-12,14.20616626739502,0.006253924704046288
573,2019-04-15,14.214996337890625,0.0006215660389581322
574,2019-04-16,14.250311851501465,0.0024843842918695898
575,2019-04-17,14.382750511169435,0.00929373764224084
576,2019-04-18,14.338603019714355,-0.003069474883875323
577,2019-04-22,14.365094184875488,0.0018475415718470774
578,2019-04-23,14.674113273620605,0.021511803874594282
579,2019-04-24,14.833038330078125,0.010830300509075077
580,2019-04-25,14.479872703552244,-0.023809392160049847
581,2019-04-26,14.576993942260742,0.006707326832001259
582,2019-04-29,14.647624969482422,0.004845376728662254
583,2019-04-30,14.524018287658693,-0.008438684229098992
584,2019-05-01,14.435726165771484,-0.006079042324136474
585,2019-05-02,14.532846450805664,0.006727772743740479
586,2019-05-03,14.735918998718262,0.013973349859575546
587,2019-05-06,14.51519012451172,-0.014978969022952704
588,2019-05-07,14.267970085144045,-0.017031815446233556
589,2019-05-08,14.312116622924805,0.003094100808826772
590,2019-05-09,14.373922348022461,0.004318419610881197
591,2019-05-10,14.356264114379885,-0.0012284909584895365
592,2019-05-13,14.02075481414795,-0.023370237379226944
593,2019-05-14,13.985437393188475,-0.002518938632593226
594,2019-05-15,13.958949089050293,-0.0018939918283201738
595,2019-05-16,13.888315200805664,-0.00506011504118431
596,2019-05-17,14.87718391418457,0.07120148837934948
597,2019-05-20,15.433422088623047,0.03738867366613219
598,2019-05-21,14.947819709777832,-0.03146433604010501
599,2019-05-22,14.638797760009766,-0.02067337951406556
600,2019-05-23,14.285630226135256,-0.024125446615520074
601,2019-05-24,14.23265552520752,-0.003708250884922104
602,2019-05-28,13.994266510009766,-0.0167494403820525
603,2019-05-29,13.694074630737305,-0.021451062051572437
604,2019-05-30,13.641098976135256,-0.0038685092662735783
605,2019-05-31,13.190808296203613,-0.033009853584334725
606,2019-06-03,13.473344802856445,0.02141919587552099
607,2019-06-04,13.588126182556152,0.008519145125371663
608,2019-06-05,13.62343978881836,0.002598857692942325
609,2019-06-06,13.482173919677734,-0.010369324585452477
610,2019-06-07,13.632267951965332,0.011132776745190087
611,2019-06-10,13.473344802856445,-0.011657865710156812
612,2019-06-11,13.323249816894533,-0.011140142864160318
613,2019-06-12,13.402710914611815,0.005964092755847084
614,2019-06-13,13.923632621765135,0.03886689121865672
615,2019-06-14,13.747048377990724,-0.012682340059617658
616,2019-06-17,13.605782508850098,-0.010276087292076186
617,2019-06-18,13.93246078491211,0.024010252688481337
618,2019-06-19,14.285630226135256,0.0253486764955122
619,2019-06-20,14.709431648254395,0.02966627410975553
620,2019-06-21,14.603479385375975,-0.00720301541297097
621,2019-06-24,14.382750511169435,-0.015114813968757248
622,2019-06-25,13.888315200805664,-0.034376964960895366
623,2019-06-26,14.382750511169435,0.035600812857061966
624,2019-06-27,14.700600624084473,0.02209939695944807
625,2019-06-28,14.735918998718262,0.002402512355578645
626,2019-07-01,14.674113273620605,-0.004194222640816148
627,2019-07-02,14.912501335144045,0.016245483258738647
628,2019-07-03,14.708221435546875,-0.013698567061700584
629,2019-07-05,14.903619766235352,0.013284973410601308
630,2019-07-08,14.6815767288208,-0.01489859785054348
631,2019-07-09,14.406241416931152,-0.018753797155120933
632,2019-07-10,14.530585289001465,0.008631250058337647
633,2019-07-11,14.52170467376709,-0.0006111670698562
634,2019-07-12,14.388477325439453,-0.009174360126487535
635,2019-07-15,14.317422866821287,-0.0049382889524062215
636,2019-07-16,14.397358894348145,0.005583129608618176
637,2019-07-17,14.450650215148926,0.0037014650528508493
638,2019-07-18,14.503939628601074,0.003687682744980103
639,2019-07-19,14.539469718933105,0.0024496854814513025
640,2019-07-22,14.965790748596193,0.029321635376284624
641,2019-07-23,15.347710609436035,0.025519524310846583
642,2019-07-24,15.480934143066404,0.008680352205003183
643,2019-07-25,15.072370529174805,-0.026391405719827787
644,2019-07-26,15.312182426452635,0.015910695455213064
645,2019-07-29,15.418763160705565,0.006960518839483454
646,2019-07-30,15.694098472595215,0.01785715942452093
647,2019-07-31,16.155952453613278,0.02942851300599036
648,2019-08-01,16.040489196777347,-0.0071467935528682905
649,2019-08-02,16.23588752746582,0.012181569295762529
650,2019-08-05,16.120424270629886,-0.007111607335330894
651,2019-08-06,16.138185501098633,0.0011017843060809882
652,2019-08-07,16.60892105102539,0.029169050628071732
653,2019-08-08,17.017484664916992,0.024599046057021123
654,2019-08-09,16.919784545898438,-0.005741160984852889
655,2019-08-12,16.182594299316403,-0.0435697183130348
656,2019-08-13,15.996076583862305,-0.011525822868955982
657,2019-08-14,15.35659122467041,-0.03997763800637477
658,2019-08-15,15.099020004272461,-0.01677268194676951
659,2019-08-16,15.480934143066404,0.025293968660606847
660,2019-08-19,15.694098472595215,0.013769474603978038
661,2019-08-20,15.267772674560547,-0.027164720469870285
662,2019-08-21,15.161191940307615,-0.006980765074562467
663,2019-08-22,15.06349277496338,-0.006444029317015043
664,2019-08-23,14.921382904052734,-0.009434058424142022
665,2019-08-26,15.081255912780762,0.01071435601887849
666,2019-08-27,14.912503242492676,-0.01118956347296485
667,2019-08-28,15.010201454162598,0.006551429366434824
668,2019-08-29,15.232245445251465,0.01479287215211156
669,2019-08-30,15.010201454162598,-0.014577233007894262
670,2019-09-03,15.321064949035645,0.020710148083111782
671,2019-09-04,15.46317195892334,0.009275269725727451
672,2019-09-05,15.39211654663086,-0.004595138208462911
673,2019-09-06,15.187836647033693,-0.013271722506667305
674,2019-09-09,15.134549140930176,-0.003508564606133357
675,2019-09-10,15.29441738128662,0.010563132001341955
676,2019-09-11,15.694098472595215,0.026132482287139824
677,2019-09-12,15.765151023864744,0.004527342006525492
678,2019-09-13,15.83620548248291,0.004507058543911535
679,2019-09-16,16.049367904663086,0.01346044811151037
680,2019-09-17,16.413522720336914,0.02268966714683041
681,2019-09-18,16.786556243896484,0.02272720670117745
682,2019-09-19,16.42240333557129,-0.021693127704951357
683,2019-09-20,16.449052810668945,0.001622751223015806
684,2019-09-23,16.466812133789062,0.0010796562771442364
685,2019-09-24,16.120424270629886,-0.02103551436336637
686,2019-09-25,16.386878967285153,0.016529012647683583
687,2019-09-26,16.138185501098633,-0.015176377800984131
688,2019-09-27,16.218122482299805,0.004953281841736823
689,2019-09-30,15.682280540466307,-0.03303970249443533
690,2019-10-01,15.530458450317385,-0.009681123211459086
691,2019-10-02,15.164302825927734,-0.023576614016965317
692,2019-10-03,15.06606674194336,-0.00647811410204846
693,2019-10-04,15.06606674194336,0.0
694,2019-10-07,15.074994087219238,0.0005925465105651727
695,2019-10-08,15.119649887084961,0.00296224327567618
696,2019-10-09,15.057134628295898,-0.004134702804359347
697,2019-10-10,14.485569953918455,-0.037959723977186166
698,2019-10-11,14.39626407623291,-0.006165161465489177
699,2019-10-14,14.32481861114502,-0.004962778170056081
700,2019-10-15,14.360541343688965,0.002493765087967725
701,2019-10-16,14.467708587646484,0.0074626186710304845
702,2019-10-17,14.646323204040527,0.012345743302194734
703,2019-10-18,14.54808521270752,-0.00670734831974118
704,2019-10-21,14.592738151550293,0.0030693344306074177
705,2019-10-22,14.601670265197756,0.00061209305304466
706,2019-10-23,14.592738151550293,-0.0006117186243241867
707,2019-10-24,14.6373929977417,0.003060073149236953
708,2019-10-25,14.941035270690918,0.02074428643106496
709,2019-10-28,15.208955764770508,0.01793185607460246
710,2019-10-29,15.316123008728027,0.007046324916386348
711,2019-10-30,15.726936340332033,0.026822279461316656
712,2019-10-31,15.173233032226562,-0.03520732176460128
713,2019-11-01,15.271470069885256,0.00647436426040815
714,2019-11-04,15.592976570129395,0.021052753845757
715,2019-11-05,16.369945526123047,0.0498281359238395
716,2019-11-06,15.968066215515135,-0.024549825774715983
717,2019-11-07,16.271705627441403,0.019015415381434364
718,2019-11-08,16.253847122192386,-0.0010975189484069279
719,2019-11-11,15.24467945098877,-0.06208792685306719
720,2019-11-12,14.914244651794435,-0.02167541798807071
721,2019-11-13,14.592738151550293,-0.021557008601535862
722,2019-11-14,14.583806991577148,-0.0006120277003802688
723,2019-11-15,14.298026084899902,-0.01959576857005163
724,2019-11-18,14.2176513671875,-0.005621385583936322
725,2019-11-19,14.360541343688965,0.010050181482944344
726,2019-11-20,14.16406536102295,-0.013681655723400743
727,2019-11-21,14.092618942260742,-0.005044202842978574
728,2019-11-22,14.244441986083984,0.010773231323807142
729,2019-11-25,14.619532585144045,0.026332417895099214
730,2019-11-26,14.539154052734375,-0.005498023410909103
731,2019-11-27,14.628460884094238,0.0061425053366890294
732,2019-11-29,14.565946578979492,-0.004273471119762061
733,2019-12-02,14.32481861114502,-0.016554225743382278
734,2019-12-03,14.485569953918455,0.01122187632088889
735,2019-12-04,14.503432273864744,0.0012331112964911741
736,2019-12-05,14.41412353515625,-0.006157765763448175
737,2019-12-06,14.655251502990724,0.01672859034726315
738,2019-12-09,14.574878692626953,-0.005484232757613894
739,2019-12-10,14.54808521270752,-0.0018383329621115552
740,2019-12-11,14.655251502990724,0.007366350190855186
741,2019-12-12,14.628460884094238,-0.0018280558945725773
742,2019-12-13,14.574878692626953,-0.003662872799253036
743,2019-12-16,14.610600471496582,0.0024509143179147768
744,2019-12-17,14.699905395507812,0.006112337695185932
745,2019-12-18,14.798144340515135,0.006682964438488481
746,2019-12-19,14.655251502990724,-0.00965613216335448
747,2019-12-20,14.655251502990724,0.0
748,2019-12-23,14.467708587646484,-0.012796976927074044
749,2019-12-24,14.423054695129395,-0.003086452304908782
750,2019-12-26,14.494501113891602,0.0049536260017328795
751,2019-12-27,14.467708587646484,-0.0018484614292408887
752,2019-12-30,14.512362480163574,0.003086452304908782
753,2019-12-31,14.620195388793945,0.007430417258235122
754,2020-01-02,14.67410945892334,0.0036876436118438156
755,2020-01-03,14.65613842010498,-0.0012246766230458173
756,2020-01-06,14.862814903259276,0.014101701091385753
757,2020-01-07,14.853830337524414,-0.0006044996047748219
758,2020-01-08,14.81788730621338,-0.0024197820019683514
759,2020-01-09,15.024561882019045,0.013947641221363716
760,2020-01-10,15.0874662399292,0.0041867682002385545
761,2020-01-13,15.177323341369627,0.005955744988023204
762,2020-01-14,15.339073181152346,0.010657336352703828
763,2020-01-15,15.680540084838867,0.022261247446559773
764,2020-01-16,15.653583526611328,-0.0017191090409954812
765,2020-01-17,15.82517910003662,0.010962063295830935
766,2020-01-21,15.510584831237793,-0.019879349662342727
767,2020-01-22,15.186453819274902,-0.02089740751168212
768,2020-01-23,15.26271915435791,0.005021931781480804
769,2020-01-24,15.243651390075685,-0.0012493032263376502
770,2020-01-27,15.167387008666992,-0.005003025814297013
771,2020-01-28,15.291318893432615,0.008170944981809036
772,2020-01-29,15.253186225891113,-0.002493746144937137
773,2020-01-30,15.243651390075685,-0.0006251045305697422
774,2020-01-31,14.7479248046875,-0.03252019957048646
775,2020-02-03,15.129253387451172,0.02585642304349633
776,2020-02-04,15.15785312652588,0.0018903602406732392
777,2020-02-05,15.47244930267334,0.02075466581721419
778,2020-02-06,15.377118110656738,-0.0061613510667719576
779,2020-02-07,15.15785312652588,-0.01425917278861899
780,2020-02-10,14.900456428527832,-0.016981078774777836
781,2020-02-11,15.081587791442873,0.012156094934666184
782,2020-02-12,15.26271915435791,0.012010099030674182
783,2020-02-13,15.234118461608887,-0.0018738923556002038
784,2020-02-14,15.281786918640135,0.003129059101869114
785,2020-02-18,15.99677848815918,0.046787170461520144
786,2020-02-19,16.120710372924805,0.007747302674557809
787,2020-02-20,15.748916625976562,-0.02306311188200993
788,2020-02-21,15.281786918640135,-0.0296610692932322
789,2020-02-24,14.681190490722654,-0.0393014528415454
790,2020-02-25,14.166397094726562,-0.03506482640637354
791,2020-02-26,14.061531066894533,-0.007402448705257969
792,2020-02-27,13.651602745056152,-0.029152467102496863
793,2020-02-28,13.260737419128418,-0.02863146058577515
794,2020-03-02,13.546735763549805,0.02156730318849687
795,2020-03-03,13.527668952941895,-0.0014074837614543867
796,2020-03-04,13.45140266418457,-0.00563779975860057
797,2020-03-05,13.5086030960083,0.004252376741054054
798,2020-03-06,13.165406227111815,-0.02540580002664361
799,2020-03-09,12.21208381652832,-0.07241116560613957
800,2020-03-10,12.669677734375,0.03747058444090867
801,2020-03-11,12.374147415161133,-0.023325796078620287
802,2020-03-12,11.220624923706056,-0.0932203611896324
803,2020-03-13,12.030949592590332,0.07221742767395113
804,2020-03-16,11.068093299865724,-0.08003161224427502
805,2020-03-17,11.14435863494873,0.006890557661266783
806,2020-03-18,9.590441703796387,-0.13943529475794658
807,2020-03-19,9.97177028656006,0.03976131595823418
808,2020-03-20,9.6476411819458,-0.032504670213986064
809,2020-03-23,9.905038833618164,0.026679853325603187
810,2020-03-24,10.028968811035156,0.012511811361745284
811,2020-03-25,10.23870086669922,0.02091262418059281
812,2020-03-26,11.039493560791016,0.07821233421286156
813,2020-03-27,10.58189868927002,-0.041450712299542114
814,2020-03-30,11.8307523727417,0.11801792099351792
815,2020-03-31,12.10946273803711,0.0235581268641516
816,2020-04-01,12.119072914123535,0.0007936087912669977
817,2020-04-02,12.474668502807615,0.02934181444437645
818,2020-04-03,11.926858901977539,-0.04391376016980197
819,2020-04-06,12.465057373046875,0.045124913063245835
820,2020-04-07,12.0806303024292,-0.030840377152929976
821,2020-04-08,12.090239524841307,0.0007954239283505249
822,2020-04-09,12.71493434906006,0.05166935054803656
823,2020-04-13,12.580385208129885,-0.01058197684993334
824,2020-04-14,12.474668502807615,-0.008403296367582747
825,2020-04-15,12.263233184814453,-0.016949173274269813
826,2020-04-16,12.541943550109865,0.02272731514561266
827,2020-04-17,12.868706703186035,0.02605362970823677
828,2020-04-20,12.811041831970215,-0.004481015267955635
829,2020-04-21,12.945591926574707,0.01050266608830519
830,2020-04-22,13.406904220581055,0.03563470072460473
831,2020-04-23,13.454957962036133,0.003584253356663014
832,2020-04-24,13.262744903564453,-0.014285667708068606
833,2020-04-27,13.339629173278807,0.00579701036801894
834,2020-04-28,13.416515350341795,0.005763741710077097
835,2020-04-29,13.20508098602295,-0.015759260791473606
836,2020-04-30,12.791821479797365,-0.031295491990015245
837,2020-05-01,12.791821479797365,0.0
838,2020-05-04,12.541943550109865,-0.019534194569721164
839,2020-05-05,12.445837020874025,-0.007662809902776012
840,2020-05-06,12.484278678894045,0.0030887161671444567
841,2020-05-07,12.28245449066162,-0.016166267465146378
842,2020-05-08,12.868706703186035,0.04773086787906644
843,2020-05-11,12.839874267578125,-0.002240507633977873
844,2020-05-12,12.474668502807615,-0.028443095092658962
845,2020-05-13,12.215179443359375,-0.020801278959023062
846,2020-05-14,11.148393630981444,-0.08733279910659653
847,2020-05-15,11.340606689453125,0.01724132326450345
848,2020-05-18,11.638538360595705,0.02627122863009257
849,2020-05-19,10.79279899597168,-0.07266714585805922
850,2020-05-20,10.590974807739258,-0.018699893170228687
851,2020-05-21,11.07150936126709,0.04537207974252633
852,2020-05-22,10.994623184204102,-0.006944507253181742
853,2020-05-26,11.340606689453125,0.03146842774439928
854,2020-05-27,11.84036350250244,0.04406790807004124
855,2020-05-28,11.782699584960938,-0.004870113787411645
856,2020-05-29,11.657759666442873,-0.01060367512700855
857,2020-06-01,11.350218772888185,-0.02638078862098614
858,2020-06-02,11.407883644104006,0.00508050746594968
859,2020-06-03,11.878805160522461,0.041280357611452656
860,2020-06-04,12.378560066223145,0.042071142589453984
861,2020-06-05,12.77259922027588,0.031832390192776394
862,2020-06-08,13.032087326049805,0.020315998435306737
863,2020-06-09,12.743766784667967,-0.022123895748113576
864,2020-06-10,11.946080207824707,-0.06259425414179398
865,2020-06-11,10.985013008117676,-0.0804504224806335
866,2020-06-12,11.004232406616213,0.0017496017969513833
867,2020-06-15,11.167613983154297,0.014847157938962853
868,2020-06-16,11.234889030456543,0.006024120049611836
869,2020-06-17,10.965791702270508,-0.02395193467924273
870,2020-06-18,10.908127784729004,-0.005258527528802515
871,2020-06-19,10.677470207214355,-0.0211454781303132
872,2020-06-22,10.648639678955078,-0.0027001272492240824
873,2020-06-23,10.552530288696287,-0.00902550871814467
874,2020-06-24,10.273821830749512,-0.02641152882975606
875,2020-06-25,10.485257148742676,0.02058000629914947
876,2020-06-26,10.312264442443848,-0.01649866129602484
877,2020-06-29,10.571752548217773,0.025163057757315418
878,2020-06-30,10.706303596496582,0.012727411814183132
879,2020-07-01,10.463858604431152,-0.02264506978344649
880,2020-07-02,10.725698471069336,0.025023261163649613
881,2020-07-06,10.79358196258545,0.0063290508957731815
882,2020-07-07,10.308695793151855,-0.044923563939606725
883,2020-07-08,10.415369987487793,0.010347981594994948
884,2020-07-09,10.376578330993652,-0.0037244626490218202
885,2020-07-10,10.395975112915039,0.0018692849706969388
886,2020-07-13,10.395975112915039,0.0
887,2020-07-14,10.386276245117188,-0.0009329444994344848
888,2020-07-15,10.735395431518556,0.03361350864950241
889,2020-07-16,10.686906814575195,-0.0045167052534460525
890,2020-07-17,10.6287202835083,-0.0054446559773064784
891,2020-07-20,10.589929580688477,-0.0036496117862855337
892,2020-07-21,11.19118881225586,0.05677650894523634
893,2020-07-22,10.842070579528807,-0.031195812936756218
894,2020-07-23,10.900257110595703,0.005366736052867971
895,2020-07-24,10.754791259765623,-0.013345176114119228
896,2020-07-27,10.851766586303713,0.009016941770025877
897,2020-07-28,10.638418197631836,-0.01966024489884888
898,2020-07-29,10.890559196472168,0.02370098581915681
899,2020-07-30,10.871164321899414,-0.0017808887700676566
900,2020-07-31,10.454161643981934,-0.038358603142208965
901,2020-08-03,10.754791259765623,0.028756932025893363
902,2020-08-04,10.890559196472168,0.012623949031392412
903,2020-08-05,11.268770217895508,0.03472833805869735
904,2020-08-06,11.123305320739746,-0.01290867542269647
905,2020-08-07,11.356050491333008,0.020924101594091967
906,2020-08-10,11.559701919555664,0.017933297177401997
907,2020-08-11,11.482121467590332,-0.006711284815578922
908,2020-08-12,11.482121467590332,0.0
909,2020-08-13,11.404539108276367,-0.00675679660182571
910,2020-08-14,11.54030704498291,0.011904728057621885
911,2020-08-17,11.171793937683104,-0.03193269519289055
912,2020-08-18,10.997233390808104,-0.015625113374692412
913,2020-08-19,10.948745727539062,-0.004409078315057768
914,2020-08-20,10.735395431518556,-0.01948627736270025
915,2020-08-21,10.589929580688477,-0.013550115760337931
916,2020-08-24,10.74509334564209,0.01465201102343183
917,2020-08-25,10.812976837158203,0.006317626970048229
918,2020-08-26,10.7160005569458,-0.008968509012166614
919,2020-08-27,10.851766586303713,0.01266946829989779
920,2020-08-28,10.977838516235352,0.011617641139716195
921,2020-08-31,10.754791259765623,-0.020317957505009643
922,2020-09-01,10.900257110595703,0.013525678678141915
923,2020-09-02,10.997233390808104,0.008896696585086294
924,2020-09-03,10.754791259765623,-0.022045738453193357
925,2020-09-04,10.851766586303713,0.009016941770025877
926,2020-09-08,10.706302642822266,-0.013404632538359327
927,2020-09-09,10.65781307220459,-0.00452906780569895
928,2020-09-10,10.754791259765623,0.00909925769048736
929,2020-09-11,10.842070579528807,0.008115389472011625
930,2020-09-14,11.084513664245604,0.022361326919837717
931,2020-09-15,11.259072303771973,0.01574797458993871
932,2020-09-16,11.404539108276367,0.012919963615089404
933,2020-09-17,11.259072303771973,-0.01275516731744364
934,2020-09-18,11.404539108276367,0.012919963615089404
935,2020-09-21,11.18149185180664,-0.019557761550211158
936,2020-09-22,10.842070579528807,-0.03035563382564121
937,2020-09-23,10.599627494812012,-0.0223613269198375
938,2020-09-24,10.783884048461914,0.017383304624628337
939,2020-09-25,10.909954071044922,0.011690595152586969
940,2020-09-28,10.997233390808104,0.007999971328460642
941,2020-09-29,10.842070579528807,-0.01410925873492763
942,2020-09-30,10.685505867004396,-0.014440480845054116
943,2020-10-01,10.802929878234863,0.010989092392252429
944,2020-10-02,10.754003524780273,-0.004528989265510597
945,2020-10-05,11.106273651123047,0.032757114643959584
946,2020-10-06,11.018205642700195,-0.00792957306737585
947,2020-10-07,10.861641883850098,-0.014209551348664862
948,2020-10-08,11.272622108459473,0.037837762375543926
949,2020-10-09,11.125843048095703,-0.013020844569394341
950,2020-10-12,11.2530517578125,0.01143362432553552
951,2020-10-13,11.018205642700195,-0.020869549004718824
952,2020-10-14,10.988849639892578,-0.0026643179261285344
953,2020-10-15,11.15519905090332,0.015138018670020513
954,2020-10-16,11.067131996154783,-0.007894709394845378
955,2020-10-19,10.802929878234863,-0.02387268155938826
956,2020-10-20,10.920352935791016,0.010869556581379893
957,2020-10-21,10.979063987731934,0.005376296195381602
958,2020-10-22,10.93013858795166,-0.004456245071068232
959,2020-10-23,10.998634338378906,0.0062666863623073174
960,2020-10-26,10.861641883850098,-0.012455405854414514
961,2020-10-27,10.705076217651367,-0.014414548727805563
962,2020-10-28,10.480015754699707,-0.021023714205842148
963,2020-10-29,10.460445404052734,-0.0018673970636157169
964,2020-10-30,10.362592697143556,-0.00935454496720245
965,2020-11-02,10.45065975189209,0.008498554109224843
966,2020-11-03,10.724647521972656,0.026217270161432715
967,2020-11-04,10.548513412475586,-0.01642330054542185
968,2020-11-05,10.656150817871094,0.010204035505913644
969,2020-11-06,10.56808376312256,-0.008264433964357831
970,2020-11-09,11.801027297973633,0.11666670727511085
971,2020-11-10,12.045658111572266,0.02072962017812108
972,2020-11-11,12.03587245941162,-0.0008123800351966802
973,2020-11-12,11.644461631774902,-0.03252035354783511
974,2020-11-13,11.849952697753904,0.017647107481402857
975,2020-11-16,12.05544376373291,0.017341087447374726
976,2020-11-17,12.388142585754395,0.02759739322266697
977,2020-11-18,12.52513599395752,0.011058430047508505
978,2020-11-19,12.260933876037598,-0.021093752438886115
979,2020-11-20,12.260933876037598,0.0
980,2020-11-23,12.82847785949707,0.04628880550189285
981,2020-11-24,13.444950103759766,0.04805497978907236
982,2020-11-25,13.337312698364258,-0.008005786898785727
983,2020-11-27,13.102465629577635,-0.01760827492748407
984,2020-11-30,12.45663833618164,-0.049290516125308326
985,2020-12-01,12.476208686828613,0.0015710780162998539
986,2020-12-02,12.975257873535154,0.04000006726670069
987,2020-12-03,13.288386344909668,0.024132735890604717
988,2020-12-04,13.58194351196289,0.022091257691772004
989,2020-12-07,13.298171997070312,-0.020893292233371
990,2020-12-08,13.758078575134276,0.03458419534393786
991,2020-12-09,13.601513862609865,-0.011379838519557373
992,2020-12-10,13.572158813476562,-0.0021582192563137648
993,2020-12-11,13.435163497924805,-0.010093848549408868
994,2020-12-14,13.386240005493164,-0.003641451214136504
995,2020-12-15,13.758078575134276,0.027777670913454733
996,2020-12-16,13.454734802246096,-0.022048411137615576
997,2020-12-17,13.454734802246096,0.0
998,2020-12-18,13.268815994262695,-0.013818095318561265
999,2020-12-21,12.965473175048828,-0.022861332868360677
1000,2020-12-22,12.789337158203125,-0.013585004917881838
1001,2020-12-23,13.004613876342773,0.01683251567119481
1002,2020-12-24,12.936117172241213,-0.005267107870550958
1003,2020-12-28,13.102465629577635,0.012859226236244805
1004,2020-12-29,12.975257873535154,-0.00970868839795469
1005,2020-12-30,13.131821632385256,0.01206633119557754
1006,2020-12-31,13.220550537109375,0.006756785707879187
1007,2021-01-04,13.082529067993164,-0.010439918423124084
1008,2021-01-05,13.12196445465088,0.0030143549808114845
1009,2021-01-06,13.723345756530762,0.04583012733788738
1010,2021-01-07,14.137413024902346,0.030172472203036538
1011,2021-01-08,13.772639274597168,-0.025802015521697363
1012,2021-01-11,13.693770408630373,-0.00572648890269445
1013,2021-01-12,14.393739700317385,0.051115892175748856
1014,2021-01-13,14.275433540344238,-0.008219278827901633
1015,2021-01-14,14.650065422058105,0.026243117636680413
1016,2021-01-15,14.137413024902346,-0.034993181421830166
1017,2021-01-19,14.028965950012207,-0.0076709278210316265
1018,2021-01-20,14.009248733520508,-0.0014054647050933955
1019,2021-01-21,13.890944480895994,-0.008444724972399231
1020,2021-01-22,14.08811855316162,0.01419443238987794
1021,2021-01-25,13.989531517028807,-0.006997885186783015
1022,2021-01-26,13.87122631072998,-0.008456695362158428
1023,2021-01-27,13.102246284484865,-0.055437061512742865
1024,2021-01-28,13.112105369567873,0.0007524728866288298
1025,2021-01-29,13.092388153076172,-0.0015037414614942346
1026,2021-02-01,13.269845008850098,0.013554200631626713
1027,2021-02-02,13.545888900756836,0.02080234484446764
1028,2021-02-03,13.476877212524414,-0.0050946592533005495
1029,2021-02-04,13.723345756530762,0.01828825328892192
1030,2021-02-05,13.585323333740234,-0.010057490734345477
1031,2021-02-08,13.703627586364744,0.008708239746542557
1032,2021-02-09,13.772639274597168,0.0050360160327977965
1033,2021-02-10,14.019107818603516,0.017895520175348345
1034,2021-02-11,14.137413024902346,0.008438854157454934
1035,2021-02-12,13.959955215454102,-0.012552353753523482
1036,2021-02-16,14.157129287719727,0.014124262522514863
1037,2021-02-17,14.048684120178224,-0.007660109993879226
1038,2021-02-18,13.890944480895994,-0.011228072176216686
1039,2021-02-19,14.048684120178224,0.011355573373658334
1040,2021-02-22,13.9993896484375,-0.0035088319531594303
1041,2021-02-23,14.048684120178224,0.003521187207345511
1042,2021-02-24,14.393739700317385,0.02456141637091513
1043,2021-02-25,13.96981430053711,-0.02945206795499622
1044,2021-02-26,13.693770408630373,-0.01976002586491954
1045,2021-03-01,13.950096130371096,0.018718418236308043
1046,2021-03-02,13.812074661254885,-0.009893943943204864
1047,2021-03-03,13.900803565979006,0.006424009926113472
1048,2021-03-04,13.683910369873047,-0.015602925045051784
1049,2021-03-05,14.147271156311035,0.033861723287675005
1050,2021-03-08,14.31486988067627,0.011846717470348931
1051,2021-03-09,14.275433540344238,-0.00275492132731614
1052,2021-03-10,14.866957664489744,0.04143650856373515
1053,2021-03-11,15.103567123413086,0.015915122936583925
1054,2021-03-12,15.1627197265625,0.003916465737270558
1055,2021-03-15,14.94582748413086,-0.01430430993535303
1056,2021-03-16,14.36416244506836,-0.0389182224724659
1057,2021-03-17,14.305010795593262,-0.004118001985935925
1058,2021-03-18,14.097977638244627,-0.014472771835475462
1059,2021-03-19,13.812074661254885,-0.020279715596523085
1060,2021-03-22,13.683910369873047,-0.00927914846430411
1061,2021-03-23,13.35857391357422,-0.023775108686410085
1062,2021-03-24,13.200833320617676,-0.011808191052209429
1063,2021-03-25,13.299421310424805,0.007468315629222344
1064,2021-03-26,13.565606117248535,0.020014766102272485
1065,2021-03-29,12.855778694152832,-0.05232552213005537
1066,2021-03-30,13.220550537109375,0.028374153883222286
1067,2021-03-31,13.131155967712402,-0.0067617887126596435
1068,2021-04-01,13.707258224487305,0.043872927729398326
1069,2021-04-05,13.737056732177734,0.002173921815903146
1070,2021-04-06,13.697325706481935,-0.0028922517006668698
1071,2021-04-07,13.955577850341795,0.01885420186348119
1072,2021-04-08,13.995309829711914,0.002847032190010479
1073,2021-04-09,13.856249809265135,-0.00993618734696078
1074,2021-04-12,13.886048316955565,0.002150546367207129
1075,2021-04-13,13.667527198791506,-0.015736739004230116
1076,2021-04-14,13.806585311889648,0.010174343249921504
1077,2021-04-15,13.588065147399902,-0.01582724182362205
1078,2021-04-16,13.746989250183105,0.011695859642946616
1079,2021-04-19,13.727123260498047,-0.0014451156775869831
1080,2021-04-20,13.409274101257324,-0.023154826631110903
1081,2021-04-21,13.697325706481935,0.02148152115091761
1082,2021-04-22,13.300013542175293,-0.029006550097485317
1083,2021-04-23,13.409274101257324,0.008215071265571083
1084,2021-04-26,13.389408111572266,-0.0014815111940470473
1085,2021-04-27,13.290081024169922,-0.007418332952036644
1086,2021-04-28,13.439072608947756,0.01121073562357311
1087,2021-04-29,13.359610557556152,-0.005912763008564803
1088,2021-04-30,13.399341583251953,0.0029739658596057428
1089,2021-05-03,13.856249809265135,0.034099304295987176
1090,2021-05-04,13.588065147399902,-0.019354779652277054
1091,2021-05-05,13.449005126953125,-0.010233982464632696
1092,2021-05-06,13.617862701416016,0.012555395203507123
1093,2021-05-07,13.647661209106445,0.002188192695417035
1094,2021-05-10,13.399341583251953,-0.0181950315185726
1095,2021-05-11,13.697325706481935,0.022238713848629518
1096,2021-05-12,13.369543075561525,-0.02393041079291081
1097,2021-05-13,14.541613578796387,0.08766720721946841
1098,2021-05-14,14.591276168823242,0.0034152049054081424
1099,2021-05-17,14.352890014648438,-0.016337580854247524
1100,2021-05-18,14.243629455566404,-0.0076124431365754966
1101,2021-05-19,14.40255355834961,0.011157556666225863
1102,2021-05-20,14.55154514312744,0.01034480338324828
1103,2021-05-21,14.720402717590332,0.011604099276195656
1104,2021-05-24,14.83959674835205,0.008097199040572933
1105,2021-05-25,14.243629455566404,-0.04016061237323243
1106,2021-05-26,14.27342700958252,0.0020919916590831367
1107,2021-05-27,15.0283203125,0.052888020684218384
1108,2021-05-28,15.316370964050293,0.019167188718402842
1109,2021-06-01,15.515027046203613,0.012970179595388045
1110,2021-06-02,15.236908912658693,-0.017925726633713723
1111,2021-06-03,15.09784984588623,-0.00912646177578269
1112,2021-06-04,15.127647399902346,0.0019736289816283392
1113,2021-06-07,15.316370964050293,0.012475407388802928
1114,2021-06-08,15.445497512817385,0.008430622963505606
1115,2021-06-09,15.316370964050293,-0.00836014176040212
1116,2021-06-10,15.207110404968262,-0.007133580097954063
1117,2021-06-11,15.316370964050293,0.007184833684533266
1118,2021-06-14,15.246841430664062,-0.0045395566318827685
1119,2021-06-15,15.515027046203613,0.017589585145168618
1120,2021-06-16,15.375967025756836,-0.008962924784639892
1121,2021-06-17,14.849529266357422,-0.034237700855988984
1122,2021-06-18,14.581344604492188,-0.01806014568238368
1123,2021-06-21,14.63100814819336,0.003405964610826873
1124,2021-06-22,14.6111421585083,-0.0013578004662317955
1125,2021-06-23,15.018386840820312,0.02787220039980709
1126,2021-06-24,15.256773948669435,0.015873016880959545
1127,2021-06-25,15.256773948669435,0.0
1128,2021-06-28,14.919059753417967,-0.02213536075107947
1129,2021-06-29,14.779999732971193,-0.00932096410532268
1130,2021-06-30,14.899999618530273,0.008119072241346892
1131,2021-07-01,15.0600004196167,0.010738309072668928
1132,2021-07-02,15.039999961853027,-0.001328051607330627
1133,2021-07-06,14.81999969482422,-0.014627677366144232
1134,2021-07-07,15.0,0.012145769830119724
1135,2021-07-08,15.649999618530273,0.04333330790201817
1136,2021-07-09,15.989999771118164,0.021725249896192626
1137,2021-07-12,15.779999732971193,-0.013133210828825792
1138,2021-07-13,15.630000114440918,-0.009505679408654322
1139,2021-07-14,15.40999984741211,-0.014075512822648406
1140,2021-07-15,15.25,-0.010382858468293787
1141,2021-07-16,14.93000030517578,-0.02098358654585053
1142,2021-07-19,14.520000457763672,-0.02746147615750372
1143,2021-07-20,14.859999656677244,0.02341592205197074
1144,2021-07-21,15.029999732971193,0.011440113070094292
1145,2021-07-22,14.739999771118164,-0.019294741650384584
1146,2021-07-23,14.739999771118164,0.0
1147,2021-07-26,14.779999732971193,0.0027137016603897557
1148,2021-07-27,14.729999542236328,-0.0033829628983906845
1149,2021-07-28,14.8100004196167,0.005431152740431378
1150,2021-07-29,15.109999656677244,0.020256531300510968
1151,2021-07-30,14.899999618530273,-0.01389808358163458
1152,2021-08-02,15.079999923706055,0.012080557703634032
1153,2021-08-03,15.149999618530273,0.0046418896006874535
1154,2021-08-04,15.100000381469727,-0.003300279757062929
1155,2021-08-05,15.170000076293945,0.004635741261975079
1156,2021-08-06,15.09000015258789,-0.005273561193389176
1157,2021-08-09,15.020000457763672,-0.0046388133940618035
1158,2021-08-10,15.210000038146973,0.012649771943588295
1159,2021-08-11,15.199999809265135,-0.0006574772423902919
1160,2021-08-12,15.109999656677244,-0.005921062744555504
1161,2021-08-13,15.510000228881836,0.026472573215964745
1162,2021-08-16,15.470000267028807,-0.0025789788048192768
1163,2021-08-17,15.149999618530273,-0.020685238718486043
1164,2021-08-18,14.90999984741211,-0.015841569449587034
1165,2021-08-19,14.81999969482422,-0.006036227599526711
