,Date,Adj Close,daily_return
0,2017-01-03,111.38831329345705,
1,2017-01-04,114.36539459228516,0.02672705251389229
2,2017-01-05,112.57917022705078,-0.015618573884191966
3,2017-01-06,111.80052947998048,-0.0069163837812974424
4,2017-01-09,112.44174194335938,0.005735325819666182
5,2017-01-10,111.47992706298828,-0.008553895232747187
6,2017-01-11,114.36539459228516,0.02588329222413765
7,2017-01-12,111.8921356201172,-0.02162593834424453
8,2017-01-13,112.76236724853516,0.007777415486754702
9,2017-01-17,109.0982666015625,-0.03249400253274881
10,2017-01-18,110.33489990234376,0.011335040778398087
11,2017-01-19,109.69367980957031,-0.005811579956486956
12,2017-01-20,110.42649841308594,0.006680590940041364
13,2017-01-23,110.28909301757812,-0.0012443154268444445
14,2017-01-24,114.5028076171875,0.03820608624406563
15,2017-01-25,115.09821319580078,0.005199921215939707
16,2017-01-26,101.81590270996094,-0.11539979741687625
17,2017-01-27,101.03411102294922,-0.007678483087644738
18,2017-01-30,101.1720733642578,0.0013655026001786474
19,2017-01-31,100.2523193359375,-0.009090987243177584
20,2017-02-01,100.66619873046876,0.004128377251247262
21,2017-02-02,100.48225402832031,-0.001827273746979996
22,2017-02-03,99.5165023803711,-0.009611166243116198
23,2017-02-06,99.4245376586914,-0.0009241152922374596
24,2017-02-07,100.43626403808594,0.010175821816417407
25,2017-02-08,99.4245376586914,-0.010073317532110493
26,2017-02-09,100.71221923828124,0.012951345914327785
27,2017-02-10,100.98812103271484,0.0027395066509341426
28,2017-02-13,99.88442993164062,-0.010928920053049462
29,2017-02-14,99.88442993164062,0.0
30,2017-02-15,102.36773681640624,0.024861801648817128
31,2017-02-16,102.22978973388672,-0.0013475640549416301
32,2017-02-17,101.99984741210938,-0.0022492692431032024
33,2017-02-21,100.62020874023438,-0.013525889566293749
34,2017-02-22,101.49396514892578,0.008683706977264727
35,2017-02-23,102.459716796875,0.009515360312626786
36,2017-02-24,100.80418395996094,-0.016157890033954847
37,2017-02-27,102.8276138305664,0.020072875858101025
38,2017-02-28,100.85015869140624,-0.019230779218688432
39,2017-03-01,102.22978973388672,0.013680008642346751
40,2017-03-02,101.31004333496094,-0.008996853082843703
41,2017-03-03,102.04582977294922,0.007262719605750867
42,2017-03-06,101.49396514892578,-0.005408007610417154
43,2017-03-07,100.8961410522461,-0.005890242792292888
44,2017-03-08,100.94213104248048,0.00045581515561199387
45,2017-03-09,99.10263061523438,-0.018223316748404828
46,2017-03-10,98.3668441772461,-0.007424489475410302
47,2017-03-13,97.44709014892578,-0.009350244343134695
48,2017-03-14,97.12516784667969,-0.0033035599293330664
49,2017-03-15,100.71221923828124,0.03693225423573021
50,2017-03-16,101.58595275878906,0.008675546295336956
51,2017-03-17,99.88442993164062,-0.01674958772290713
52,2017-03-20,98.18287658691406,-0.017035221063894324
53,2017-03-21,94.64188385009766,-0.03606527797830228
54,2017-03-22,93.53817749023438,-0.011661922977055594
55,2017-03-23,93.26226043701172,-0.002949780085799381
56,2017-03-24,92.98632049560548,-0.002958752448345425
57,2017-03-27,93.3542251586914,0.003956546093285995
58,2017-03-28,95.7455596923828,0.025615707587164804
59,2017-03-29,95.42365264892578,-0.003362109370828925
60,2017-03-30,96.61931610107422,0.012530053282988618
61,2017-03-31,97.4011001586914,0.008091384716482075
62,2017-04-03,96.8952407836914,-0.0051935694173456115
63,2017-04-04,96.06747436523438,-0.008542900680797438
64,2017-04-05,93.90607452392578,-0.02249876824169716
65,2017-04-06,97.86097717285156,0.04211551456043594
66,2017-04-07,98.59678649902344,0.007518924779099878
67,2017-04-10,98.87271118164062,0.002798515980233507
68,2017-04-11,99.5165023803711,0.006511313293996235
69,2017-04-12,99.79244995117188,0.0027728825290307397
70,2017-04-13,98.13690948486328,-0.01658983687762594
71,2017-04-17,100.02238464355469,0.01921270160827948
72,2017-04-18,101.21805572509766,0.011954034947316394
73,2017-04-19,101.99984741210938,0.007723836240591586
74,2017-04-20,102.55168914794922,0.005410221189942055
75,2017-04-21,102.73563385009766,0.0017936779362361934
76,2017-04-24,101.76991271972656,-0.00940006007827998
77,2017-04-25,102.2757568359375,0.004970468212977863
78,2017-04-26,103.29158782958984,0.009932275497915422
79,2017-04-27,102.73751831054688,-0.005364130135719014
80,2017-04-28,98.25860595703124,-0.04359568371096079
81,2017-05-01,97.93539428710938,-0.003289398081458672
82,2017-05-02,95.81138610839844,-0.02168785038516463
83,2017-05-03,95.58049774169922,-0.0024098217975679907
84,2017-05-04,94.61083984375,-0.010144934592929866
85,2017-05-05,94.8878936767578,0.0029283519041301
86,2017-05-08,94.3337860107422,-0.0058396033945405925
87,2017-05-09,94.79556274414062,0.0048951362277120936
88,2017-05-10,95.25728607177734,0.004870727218350357
89,2017-05-11,92.02508544921876,-0.0339312692587429
90,2017-05-12,90.91692352294922,-0.012041954874152829
91,2017-05-15,92.9947509765625,0.02285413290616667
92,2017-05-16,95.21111297607422,0.02383319462912814
93,2017-05-17,92.25595092773438,-0.03103799499836168
94,2017-05-18,93.31798553466795,0.01151182765180625
95,2017-05-19,95.76519775390624,0.02622444328622087
96,2017-05-22,96.6425323486328,0.00916130927835712
97,2017-05-23,95.81138610839844,-0.008600211729097085
98,2017-05-24,93.54883575439452,-0.023614629178249524
99,2017-05-25,95.16493225097656,0.017275431420920917
100,2017-05-26,94.51849365234376,-0.006792823609940268
101,2017-05-30,92.07127380371094,-0.025891439379410186
102,2017-05-31,92.9947509765625,0.010030024943722848
103,2017-06-01,93.54883575439452,0.00595823712643373
104,2017-06-02,92.90239715576172,-0.0069101725683682344
105,2017-06-05,93.36414337158205,0.004970229293934647
106,2017-06-06,93.6873550415039,0.003461839398402722
107,2017-06-07,94.84172058105469,0.012321465784143282
108,2017-06-08,97.61215209960938,0.02921110563559415
109,2017-06-09,99.9208755493164,0.023652008485081533
110,2017-06-12,101.81402587890624,0.018946494605678762
111,2017-06-13,99.87470245361328,-0.01904770397351263
112,2017-06-14,100.56731414794922,0.0069348060852307825
113,2017-06-15,100.0132293701172,-0.005509591088580511
114,2017-06-16,100.7058563232422,0.006925353350623276
115,2017-06-19,101.6754913330078,0.009628387515551172
116,2017-06-20,102.41429138183594,0.007266255015266455
117,2017-06-21,100.4749526977539,-0.018936211518092768
118,2017-06-22,101.53697967529295,0.010570066957222846
119,2017-06-23,101.07523345947266,-0.004547566978030271
120,2017-06-26,102.46044921875,0.013704799008282809
121,2017-06-27,102.73751831054688,0.002704156519998557
122,2017-06-28,102.8760223388672,0.001348134844971316
123,2017-06-29,102.04486846923828,-0.008079179683786242
124,2017-06-30,102.46044921875,0.004072529620997134
125,2017-07-03,102.59898376464844,0.0013520782599993895
126,2017-07-05,102.69131469726562,0.0008999205375073148
127,2017-07-06,101.6754913330078,-0.009892008562286671
128,2017-07-07,103.3839340209961,0.016802895816778518
129,2017-07-10,103.06071472167969,-0.003126397755871424
130,2017-07-11,102.73751831054688,-0.003135980688719453
131,2017-07-12,104.72298431396484,0.019325617710722387
132,2017-07-13,109.66364288330078,0.047178359189264496
133,2017-07-14,107.63197326660156,-0.018526373584554667
134,2017-07-17,104.86151123046876,-0.025740139774920182
135,2017-07-18,105.13855743408205,0.002642019940036766
136,2017-07-19,106.98551177978516,0.017566860253538152
137,2017-07-20,106.5699691772461,-0.0038841016472810352
138,2017-07-21,104.49211120605469,-0.019497593808397662
139,2017-07-24,107.0316925048828,0.024304048119193844
140,2017-07-25,108.18605041503906,0.01078519719851756
141,2017-07-26,107.35491943359376,-0.007682422810120105
142,2017-07-27,107.63302612304688,0.002590535123312421
143,2017-07-28,105.03724670410156,-0.02411694172732637
144,2017-07-31,109.20905303955078,0.03971739993529666
145,2017-08-01,108.46739196777344,-0.006791205043310322
146,2017-08-02,106.79866027832031,-0.01538463919137023
147,2017-08-03,107.12316131591795,0.003038437343239941
148,2017-08-04,107.35492706298828,0.002163544692140196
149,2017-08-07,106.89138793945312,-0.004317818811084284
150,2017-08-08,106.65961456298828,-0.0021683072970867245
151,2017-08-09,106.61325073242188,-0.00043468965040205365
152,2017-08-10,103.1830825805664,-0.03217393830776727
153,2017-08-11,102.95132446289062,-0.00224608639206747
154,2017-08-14,104.06379699707031,0.01080581080412113
155,2017-08-15,104.62004852294922,0.005345293386657568
156,2017-08-16,102.16331481933594,-0.023482437050049487
157,2017-08-17,99.1039810180664,-0.029945522095476407
158,2017-08-18,98.17691040039062,-0.009354524491874685
159,2017-08-21,98.4086685180664,0.00236061734608084
160,2017-08-22,98.54774475097656,0.0014132518507210534
161,2017-08-23,97.89878845214844,-0.006585196855270481
162,2017-08-24,98.3623046875,0.004734647309533546
163,2017-08-25,98.0842056274414,-0.002827293046275381
164,2017-08-28,98.17691040039062,0.0009451549549306383
165,2017-08-29,96.87899780273438,-0.013220140992042162
166,2017-08-30,97.15713500976562,0.0028709752716227217
167,2017-08-31,98.26959991455078,0.011450161685740756
168,2017-09-01,99.7065887451172,0.014622923384403075
169,2017-09-05,97.01806640625,-0.02696433979643964
170,2017-09-06,98.13054656982422,0.011466731968413637
171,2017-09-07,97.38890075683594,-0.007557746684520583
172,2017-09-08,97.01806640625,-0.0038077681101653655
173,2017-09-11,99.28939819335938,0.023411431202911004
174,2017-09-12,101.32894897460938,0.02054147591143729
175,2017-09-13,102.62683868408205,0.01280867632208338
176,2017-09-14,102.62683868408205,0.0
177,2017-09-15,103.6466293334961,0.009936880668742765
178,2017-09-18,105.0835952758789,0.01386408754074564
179,2017-09-19,103.73932647705078,-0.012792375396930232
180,2017-09-20,104.20287322998048,0.0044683802051890265
181,2017-09-21,104.75911712646484,0.00533808597826968
182,2017-09-22,107.12316131591795,0.022566476830835125
183,2017-09-25,107.35492706298828,0.002163544692140196
184,2017-09-26,107.44762420654295,0.0008634642683915673
185,2017-09-27,107.35492706298828,-0.0008627193410668532
186,2017-09-28,107.63302612304688,0.002590463872192972
187,2017-09-29,107.58667755126952,-0.0004306166373541087
188,2017-10-02,107.54034423828124,-0.0004306603200586734
189,2017-10-03,108.4210433959961,0.008189476832652256
190,2017-10-04,111.10955810546876,0.024796982442358173
191,2017-10-05,111.2949676513672,0.0016687092367195786
192,2017-10-06,111.6657943725586,0.0033319271213863018
193,2017-10-09,113.24182891845705,0.01411385245369057
194,2017-10-10,113.7980728149414,0.004912000289971408
195,2017-10-11,112.68558502197266,-0.00977598095863963
196,2017-10-12,113.1027603149414,0.0037021176478553297
197,2017-10-13,113.1027603149414,0.0
198,2017-10-16,113.65901184082031,0.0049181074301811725
199,2017-10-17,112.50016784667969,-0.010195795083662971
200,2017-10-18,113.5199203491211,0.009064453164471464
201,2017-10-19,113.65901184082031,0.001225260652680582
202,2017-10-20,115.18868255615234,0.013458419975306056
203,2017-10-23,111.712158203125,-0.03018112783200388
204,2017-10-24,111.43402862548828,-0.0024896983650696263
205,2017-10-25,110.55330657958984,-0.00790352872243727
206,2017-10-26,111.712158203125,0.010482288222658287
207,2017-10-27,109.02365112304688,-0.02406637847949944
208,2017-10-30,108.093017578125,-0.00853607025022063
209,2017-10-31,108.32569122314452,0.0021525316827366576
210,2017-11-01,106.4644012451172,-0.017182350345618103
211,2017-11-02,109.2563018798828,0.026223795016117046
212,2017-11-03,108.18606567382812,-0.00979564736898475
213,2017-11-06,107.58116149902344,-0.005591331665839694
214,2017-11-07,103.20719146728516,-0.040657397362064966
215,2017-11-08,103.3002471923828,0.0009016399320114221
216,2017-11-09,102.78841400146484,-0.004954810901514396
217,2017-11-10,104.1378173828125,0.013127971614859568
218,2017-11-13,103.4863739013672,-0.006255589927053884
219,2017-11-14,104.6961898803711,0.011690582377124949
220,2017-11-15,104.6961898803711,0.0
221,2017-11-16,106.37134552001952,0.016000158568926892
222,2017-11-17,107.1623992919922,0.007436718677435561
223,2017-11-20,107.76730346679688,0.005644742734403074
224,2017-11-21,109.16325378417969,0.012953375211925078
225,2017-11-22,108.4187469482422,-0.006820123165341085
226,2017-11-24,107.53465270996094,-0.008154440658711182
227,2017-11-27,108.4187469482422,0.008221482247827705
228,2017-11-28,110.18694305419922,0.016308951687120432
229,2017-11-29,111.35022735595705,0.010557369770986648
230,2017-11-30,111.72248840332031,0.0033431548026683355
231,2017-12-01,111.67594909667969,-0.00041656167263848243
232,2017-12-04,112.32740020751952,0.005833405635763622
233,2017-12-05,111.11756134033205,-0.010770647811240595
234,2017-12-06,111.44329071044922,0.0029313941575763725
235,2017-12-07,110.46612548828124,-0.00876827322612761
236,2017-12-08,109.2563018798828,-0.01095198734499636
237,2017-12-11,109.58203887939452,0.0029814023896748143
238,2017-12-12,109.4889678955078,-0.00084932699590623
239,2017-12-13,108.6048583984375,-0.008074872875905248
240,2017-12-14,108.37220001220705,-0.002142246577744311
241,2017-12-15,109.4889678955078,0.010304929522284791
242,2017-12-18,110.46612548828124,0.008924712795776779
243,2017-12-19,109.53549194335938,-0.00842460564999703
244,2017-12-20,108.37220001220705,-0.01062022829781839
245,2017-12-21,108.6048583984375,0.0021468456504920574
246,2017-12-22,107.58116149902344,-0.009425884942075413
247,2017-12-26,105.99911499023438,-0.014705609111716256
248,2017-12-27,104.74273681640624,-0.011852723241546737
249,2017-12-28,105.1615219116211,0.003998225633047081
250,2017-12-29,107.06932067871094,0.018141604765792296
251,2018-01-02,106.8832015991211,-0.0017383044779778476
252,2018-01-03,110.41960144042969,0.03308658225426586
253,2018-01-04,113.21150207519531,0.025284465786374218
254,2018-01-05,114.18865203857422,0.008631189812585259
255,2018-01-08,116.37564086914062,0.01915241831410364
256,2018-01-09,118.1903839111328,0.015593839298661871
257,2018-01-10,118.42303466796876,0.0019684406559750127
258,2018-01-11,120.79615783691406,0.02003937135709277
259,2018-01-12,122.2851333618164,0.012326348383634887
260,2018-01-16,120.47042846679688,-0.01483994697581259
261,2018-01-17,121.30801391601562,0.006952622812739451
262,2018-01-18,120.65654754638672,-0.005370348986835527
263,2018-01-19,121.95945739746094,0.010798501014404716
264,2018-01-22,121.44760131835938,-0.004196936342816371
265,2018-01-23,121.95945739746094,0.004214624855041871
266,2018-01-24,121.35452270507812,-0.004960129417527326
267,2018-01-25,120.70308685302734,-0.005368039340683972
268,2018-01-26,121.91291809082031,0.010023200477599305
269,2018-01-29,120.79615783691406,-0.00916031107609372
270,2018-01-30,119.86227416992188,-0.007731070952215369
271,2018-01-31,119.53541564941406,-0.002726950767215075
272,2018-02-01,121.02963256835938,0.012500202645613578
273,2018-02-02,121.3564682006836,0.0027004595931465762
274,2018-02-05,116.780517578125,-0.03770668914813402
275,2018-02-06,117.9011459350586,0.00959602149548533
276,2018-02-07,118.18132781982422,0.00237641358396945
277,2018-02-08,112.2512435913086,-0.05017784397850445
278,2018-02-09,113.13841247558594,0.007903421431190605
279,2018-02-12,115.37969970703124,0.019810135058496936
280,2018-02-13,115.3330078125,-0.00040468032634677353
281,2018-02-14,117.57431030273438,0.01943331343511057
282,2018-02-15,117.4342269897461,-0.0011914449051633194
283,2018-02-16,117.66766357421876,0.0019878070512870942
284,2018-02-20,115.05284881591795,-0.022222033470151392
285,2018-02-21,115.09954071044922,0.00040582997302363033
286,2018-02-22,113.93219757080078,-0.0101420312578403
287,2018-02-23,114.2123565673828,0.0024589975665827435
288,2018-02-26,115.70655059814452,0.013082595225851756
289,2018-02-27,115.70655059814452,0.0
290,2018-02-28,114.91277313232422,-0.0068602638460559815
291,2018-03-01,114.77268981933594,-0.001219040400556426
292,2018-03-02,114.39913177490234,-0.003254764221537476
293,2018-03-05,115.19292449951172,0.0069388002539327856
294,2018-03-06,117.9478530883789,0.02391577955709301
295,2018-03-07,118.6949462890625,0.0063340974941170644
296,2018-03-08,120.04905700683594,0.01140832663992053
297,2018-03-09,125.27873992919922,0.04356288214796633
298,2018-03-12,125.41880798339844,0.0011180512693405034
299,2018-03-13,122.66388702392578,-0.02196577214987816
300,2018-03-14,122.1969757080078,-0.0038064285035001033
301,2018-03-15,121.8700942993164,-0.0026750368149247587
302,2018-03-16,123.3176040649414,0.011877481296353798
303,2018-03-19,121.73001098632812,-0.01287401819595213
304,2018-03-20,120.42259216308594,-0.01074031631681216
305,2018-03-21,121.8700942993164,0.012020187493308132
306,2018-03-22,118.9284210205078,-0.024137777981723563
307,2018-03-23,114.2123565673828,-0.039654646153182926
308,2018-03-26,115.70655059814452,0.013082595225851756
309,2018-03-27,114.95944213867188,-0.006456924483622339
310,2018-03-28,115.19292449951172,0.0020309976848895683
311,2018-03-29,115.61317443847656,0.003648227013861583
312,2018-04-02,111.877685546875,-0.03231023548781975
313,2018-04-03,115.75324249267578,0.034641018241095
314,2018-04-04,117.71438598632812,0.016942449744130842
315,2018-04-05,118.13462829589844,0.0035700165791046072
316,2018-04-06,116.26687622070312,-0.015810369085997755
317,2018-04-09,115.14624786376952,-0.009638414597175404
318,2018-04-10,113.69874572753906,-0.012570988313427291
319,2018-04-11,110.89713287353516,-0.024640666315858258
320,2018-04-12,109.3562469482422,-0.013894731859751095
321,2018-04-13,108.23560333251952,-0.010247641511079708
322,2018-04-16,110.80374145507812,0.023727295302903517
323,2018-04-17,111.0838851928711,0.002528287710451993
324,2018-04-18,110.19672393798828,-0.00798640822962271
325,2018-04-19,109.54302978515624,-0.0059320652145693495
326,2018-04-20,108.18888854980469,-0.012361728884141554
327,2018-04-23,106.83478546142578,-0.012516101297736726
328,2018-04-24,107.02156829833984,0.0017483335236490039
329,2018-04-25,107.11495208740234,0.0008725698057627795
330,2018-04-26,106.601318359375,-0.0047951636818007745
331,2018-04-27,107.63264465332031,0.0096746110631436
332,2018-04-30,108.1483154296875,0.004791025789881331
333,2018-05-01,107.91390991210938,-0.002167444926412409
334,2018-05-02,107.72640228271484,-0.0017375668210636295
335,2018-05-03,107.86703491210938,0.0013054611164444732
336,2018-05-04,108.33583068847656,0.0043460523110621105
337,2018-05-07,109.78905487060548,0.013414067837885568
338,2018-05-08,111.28915405273438,0.013663467491334735
339,2018-05-09,113.0236587524414,0.015585568193690504
340,2018-05-10,113.96121215820312,0.008295196033383245
341,2018-05-11,115.74259185791016,0.015631456229458832
342,2018-05-14,115.97698974609376,0.0020251653641156775
343,2018-05-15,116.25826263427734,0.0024252473598371798
344,2018-05-16,119.11783599853516,0.024596732304983826
345,2018-05-17,121.36799621582031,0.01889020395999164
346,2018-05-18,120.43041229248048,-0.007725133087577606
347,2018-05-21,120.80545043945312,0.0031141481610295067
348,2018-05-22,118.4615478515625,-0.019402291695980844
349,2018-05-23,117.05519104003906,-0.011871842273120214
350,2018-05-24,117.7583465576172,0.006007042586753997
351,2018-05-25,117.4302215576172,-0.002786426691542055
352,2018-05-29,115.78947448730469,-0.013972102313606571
353,2018-05-30,117.38333892822266,0.01376519280336419
354,2018-05-31,117.71149444580078,0.0027955885441186545
355,2018-06-01,119.39911651611328,0.014336935218247191
356,2018-06-04,121.93054962158205,0.02120143916749284
357,2018-06-05,120.0085220336914,-0.01576329799099363
358,2018-06-06,120.38355255126952,0.0031250323828904136
359,2018-06-07,119.91477966308594,-0.0038939944722427007
360,2018-06-08,119.16471099853516,-0.006255014324824559
361,2018-06-11,120.05541229248048,0.007474539118852651
362,2018-06-12,120.71170043945312,0.005466543610493702
363,2018-06-13,119.16471099853516,-0.012815571608105314
364,2018-06-14,120.242919921875,0.00904805553846466
365,2018-06-15,123.9931869506836,0.03118908814959953
366,2018-06-18,124.69635009765624,0.0056709821262381785
367,2018-06-19,125.5870361328125,0.00714283966177609
368,2018-06-20,125.35264587402344,-0.0018663571177934823
369,2018-06-21,125.35264587402344,0.0
370,2018-06-22,128.9154052734375,0.028421892290925843
371,2018-06-25,125.25890350341795,-0.028363575030182612
372,2018-06-26,125.72766876220705,0.0037423707670911632
373,2018-06-27,120.1960220336914,-0.04399705158756928
374,2018-06-28,121.55549621582031,0.011310475664060071
375,2018-06-29,119.96163940429688,-0.013112173954631934
376,2018-07-02,120.85232543945312,0.007424757110516378
377,2018-07-03,120.75857543945312,-0.0007757401411937481
378,2018-07-05,122.63372802734376,0.015528111200937555
379,2018-07-06,121.97742462158205,-0.005351736559907727
380,2018-07-09,122.21179962158205,0.0019214621125762663
381,2018-07-10,124.79012298583984,0.02109717205901029
382,2018-07-11,123.19622802734376,-0.012772605077702727
383,2018-07-12,123.7119140625,0.0041858914303916075
384,2018-07-13,123.2900161743164,-0.003410325443436668
385,2018-07-16,122.2586669921875,-0.008365228703277272
386,2018-07-17,120.52418518066406,-0.014186984482942866
387,2018-07-18,121.60237884521484,0.008945869768250958
388,2018-07-19,120.28978729248048,-0.010794127262963582
389,2018-07-20,120.99298858642578,0.005845893568965144
390,2018-07-23,121.13359832763672,0.0011621313173078018
391,2018-07-24,121.13359832763672,0.0
392,2018-07-25,121.69613647460938,0.004643948126193065
393,2018-07-26,121.55549621582031,-0.0011556674095271056
394,2018-07-27,121.32110595703124,-0.0019282571836399809
395,2018-07-30,122.59123992919922,0.010469192166924657
396,2018-07-31,125.36672973632812,0.022640196874848858
397,2018-08-01,120.3802719116211,-0.03977496928566748
398,2018-08-02,120.0509796142578,-0.002735434071830745
399,2018-08-03,119.95690155029295,-0.00078365094784838
400,2018-08-06,122.35604095458984,0.020000011448203514
401,2018-08-07,124.0965805053711,0.014225203244580431
402,2018-08-08,124.94334411621094,0.006823424202274442
403,2018-08-09,123.39096069335938,-0.01242469884116182
404,2018-08-10,121.88561248779295,-0.012199825636396322
405,2018-08-13,121.65040588378906,-0.0019297323055864626
406,2018-08-14,123.57911682128906,0.01585453762762179
407,2018-08-15,121.88561248779295,-0.013703806735770208
408,2018-08-16,123.15573120117188,0.010420579488051862
409,2018-08-17,122.96756744384766,-0.0015278522200226075
410,2018-08-20,122.45010375976562,-0.004208131419029093
411,2018-08-21,123.72027587890624,0.010372977075075118
412,2018-08-22,122.45010375976562,-0.010266483081429743
413,2018-08-23,121.6974639892578,-0.0061465016965965855
414,2018-08-24,120.9447784423828,-0.0061848909763759785
415,2018-08-27,121.32110595703124,0.003111564794239685
416,2018-08-28,120.47435760498048,-0.006979398558653482
417,2018-08-29,120.7566146850586,0.0023428809722612076
418,2018-08-30,120.80364990234376,0.00038950427194262005
419,2018-08-31,121.36814880371094,0.004672862962530555
420,2018-09-04,120.42730712890624,-0.007751965273247507
421,2018-09-05,117.98114013671876,-0.02031239467614332
422,2018-09-06,115.29976654052734,-0.02272713751608257
423,2018-09-07,112.71244049072266,-0.02243999383030193
424,2018-09-10,114.31187438964844,0.014190393642105725
425,2018-09-11,115.34679412841795,0.009053475365488728
426,2018-09-12,114.64116668701172,-0.00611744302681394
427,2018-09-13,113.60623931884766,-0.009027536949179682
428,2018-09-14,114.26481628417969,0.005797014048530169
429,2018-09-17,112.19499206542969,-0.018114274245208502
430,2018-09-18,111.8186492919922,-0.0033543633856492057
431,2018-09-19,114.26481628417969,0.021876198717083458
432,2018-09-20,115.01749420166016,0.00658713628531582
433,2018-09-21,114.5000457763672,-0.004498867140903862
434,2018-09-24,112.80652618408205,-0.0147905582115907
435,2018-09-25,111.8656997680664,-0.00834017718514235
436,2018-09-26,107.3026123046875,-0.04079076493366296
437,2018-09-27,107.58487701416016,0.002630548347426709
438,2018-09-28,107.02037048339844,-0.005247080690415462
439,2018-10-01,107.3026123046875,0.0026372719512575142
440,2018-10-02,108.51630401611328,0.01131092417377011
441,2018-10-03,108.7138900756836,0.001820796067114161
442,2018-10-04,108.26227569580078,-0.0041541552746241495
443,2018-10-05,107.1332778930664,-0.010428358312979393
444,2018-10-08,106.7851791381836,-0.00324921221238339
445,2018-10-09,106.3711929321289,-0.0038768133311737345
446,2018-10-10,105.55266571044922,-0.007695008386358505
447,2018-10-11,103.01239013671876,-0.024066427471371558
448,2018-10-12,102.98416900634766,-0.0002739586018114526
449,2018-10-15,104.93170928955078,0.01891106470046955
450,2018-10-16,105.50560760498048,0.005469255378715676
451,2018-10-17,105.09164428710938,-0.003923614367693284
452,2018-10-18,102.2597427368164,-0.026946971564706382
453,2018-10-19,102.09037017822266,-0.001656297522962258
454,2018-10-22,101.82694244384766,-0.002580338712800501
455,2018-10-23,99.10791778564452,-0.02670240893958431
456,2018-10-24,94.21556854248048,-0.04936385863484138
457,2018-10-25,95.59859466552734,0.014679379899122269
458,2018-10-26,96.21955108642578,0.006495455535418636
459,2018-10-29,93.33116912841795,-0.03001865967357753
460,2018-10-30,93.35008239746094,0.0002026468672748916
461,2018-10-31,93.98396301269531,0.006790359461446238
462,2018-11-01,95.03411865234376,0.011173774822696105
463,2018-11-02,95.06251525878906,0.00029880433309625865
464,2018-11-05,95.2895736694336,0.0023885167568562515
465,2018-11-06,95.55445861816406,0.0027797894200825013
466,2018-11-07,97.00198364257812,0.015148691597933528
467,2018-11-08,98.52518463134766,0.015702781856318015
468,2018-11-09,97.84398651123048,-0.006913949186352908
469,2018-11-12,97.16280364990234,-0.006961928735906064
470,2018-11-13,97.11551666259766,-0.0004866778800977079
471,2018-11-14,96.48162841796876,-0.006527157208370382
472,2018-11-15,97.23849487304688,0.007844669161255036
473,2018-11-16,97.36149597167969,0.0012649424365669404
474,2018-11-19,95.24226379394531,-0.02176663532728396
475,2018-11-20,89.18732452392578,-0.06357407970813532
476,2018-11-21,90.32262420654295,0.012729383784941373
477,2018-11-23,91.36331176757812,0.011521892440319316
478,2018-11-26,91.1835479736328,-0.001967570904200966
479,2018-11-27,88.05203247070312,-0.03434298809951108
480,2018-11-28,89.87798309326172,0.0207371774543208
481,2018-11-29,89.09271240234375,-0.008737075131104555
482,2018-11-30,89.87798309326172,0.008814084449148663
483,2018-12-03,89.46167755126953,-0.00463189679679621
484,2018-12-04,86.44367980957031,-0.03373508997715402
485,2018-12-06,80.82393646240234,-0.0650104595217128
486,2018-12-07,78.75201416015625,-0.02563500854984846
487,2018-12-10,79.94408416748047,0.015137009764600197
488,2018-12-11,79.94408416748047,0.0
489,2018-12-12,81.83625030517578,0.023668619853487668
490,2018-12-13,77.5410385131836,-0.052485442282300336
491,2018-12-14,76.4057388305664,-0.014641275180034663
492,2018-12-17,74.72171020507812,-0.02204060390310081
493,2018-12-18,73.3498764038086,-0.018359239871577504
494,2018-12-19,71.68476867675781,-0.022700893425967927
495,2018-12-20,70.54948425292969,-0.015837177754557175
496,2018-12-21,68.60999298095703,-0.027491218291820663
497,2018-12-24,66.67997741699219,-0.02813023992730224
498,2018-12-26,70.38864135742188,0.05561885417622525
499,2018-12-27,71.39148712158203,0.014247266957006175
500,2018-12-28,75.260986328125,0.05420112904992558
501,2018-12-31,75.14744567871094,-0.0015086255835001785
502,2019-01-02,76.64225769042969,0.019891720845838682
503,2019-01-03,76.14083099365234,-0.006542431184669462
504,2019-01-04,77.5978012084961,0.019135202437772447
505,2019-01-07,78.1370620727539,0.0069494348533005726
506,2019-01-08,78.44925689697266,0.003995476870221504
507,2019-01-09,79.03585052490234,0.007477363726976494
508,2019-01-10,78.07083892822266,-0.012209795811277235
509,2019-01-11,75.99891662597656,-0.02653900394423825
510,2019-01-14,74.95822143554688,-0.01369355296933239
511,2019-01-15,79.90623474121094,0.06601028160624955
512,2019-01-16,82.87693786621094,0.037177363376225785
513,2019-01-17,84.39068603515625,0.01826501084522425
514,2019-01-18,88.80889892578125,0.052354271522149005
515,2019-01-22,86.11255645751953,-0.03036117439666819
516,2019-01-23,82.78233337402344,-0.03867290927704525
517,2019-01-24,83.35944366455078,0.006971418502059734
518,2019-01-25,85.07183837890625,0.02054230017712655
519,2019-01-28,85.20429229736328,0.0015569655126892454
520,2019-01-29,84.33391571044922,-0.010215173008848444
521,2019-01-30,83.63897705078125,-0.008240322458807238
522,2019-01-31,85.64761352539062,0.02401555525230581
523,2019-02-01,85.8189697265625,0.0020007119185063704
524,2019-02-04,86.99939727783203,0.013754855774086085
525,2019-02-05,89.36976623535156,0.02724580895600659
526,2019-02-06,90.35031127929688,0.010971775861683408
527,2019-02-07,90.2646026611328,-0.0009486255990766024
528,2019-02-08,88.3607177734375,-0.02109226464822289
529,2019-02-11,87.5801010131836,-0.008834432086161416
530,2019-02-12,89.74103546142578,0.024673806301238388
531,2019-02-13,92.88249969482422,0.0350058835096545
532,2019-02-14,93.6345443725586,0.008096731679329228
533,2019-02-15,94.71024322509766,0.011488269203927759
534,2019-02-19,96.8521499633789,0.0226153651954053
535,2019-02-20,97.64227294921876,0.008158032487029176
536,2019-02-21,98.08019256591795,0.004484938781862846
537,2019-02-22,99.69851684570312,0.016500011240266677
538,2019-02-25,101.2216567993164,0.015277458499914687
539,2019-02-26,101.90705108642578,0.0067712217798237
540,2019-02-27,102.50678253173828,0.005885082915448868
541,2019-02-28,97.394775390625,-0.0498699404552132
542,2019-03-01,98.76559448242188,0.014074872972383634
543,2019-03-04,97.42332458496094,-0.01359046036724698
544,2019-03-05,97.02349853515624,-0.004104007449017177
545,2019-03-06,94.40562438964844,-0.026981856818523383
546,2019-03-07,92.74921417236328,-0.017545673025248117
547,2019-03-08,93.41559600830078,0.007184770694650844
548,2019-03-11,95.5194091796875,0.022521005713005197
549,2019-03-12,95.11009216308594,-0.004285171151253375
550,2019-03-13,96.0905990600586,0.010309178286688871
551,2019-03-14,96.0905990600586,0.0
552,2019-03-15,95.63365173339844,-0.0047553801425939115
553,2019-03-18,98.16585540771484,0.02647816567096628
554,2019-03-19,96.109619140625,-0.02094655273516055
555,2019-03-20,94.39610290527344,-0.01782876938513711
556,2019-03-21,95.6622085571289,0.013412689855703208
557,2019-03-22,91.81629943847656,-0.04020301409156357
558,2019-03-25,90.3407745361328,-0.01607040265582116
559,2019-03-26,93.10145568847656,0.030558528709974775
560,2019-03-27,93.55838775634766,0.004907893915214512
561,2019-03-28,93.66309356689452,0.001119149368195016
562,2019-03-29,92.86344909667969,-0.008537455253319394
563,2019-04-01,97.68988800048828,0.051973504653954894
564,2019-04-02,99.52716064453124,0.01880719367836492
565,2019-04-03,99.793701171875,0.002678068234014397
566,2019-04-04,101.18356323242188,0.01392735257061073
567,2019-04-05,103.91568756103516,0.027001661547908732
568,2019-04-08,104.55349731445312,0.006137761952865306
569,2019-04-09,103.08748626708984,-0.014021635669958843
570,2019-04-10,106.13375091552734,0.02955028547834515
571,2019-04-11,109.84637451171876,0.03498061233270011
572,2019-04-12,110.96016693115234,0.010139546474651873
573,2019-04-15,113.24485778808594,0.020590189435738537
574,2019-04-16,114.74895477294922,0.01328181265128947
575,2019-04-17,114.33960723876952,-0.003567331266673968
576,2019-04-18,112.43571472167969,-0.016651207425560144
577,2019-04-22,113.31149291992188,0.007789146005876102
578,2019-04-23,113.33053588867188,0.00016805858134327778
579,2019-04-24,113.37814331054688,0.000420075856005564
580,2019-04-25,115.06309509277344,0.014861345697039896
581,2019-04-26,118.05225372314452,0.025978430598976757
582,2019-04-29,118.9988784790039,0.00801869279073153
583,2019-04-30,117.2394790649414,-0.014785008367729556
584,2019-05-01,117.43071746826172,0.0016311775252291214
585,2019-05-02,116.28329467773438,-0.009771061739765495
586,2019-05-03,117.37334442138672,0.009374087195183956
587,2019-05-06,115.8912353515625,-0.012627305434045109
588,2019-05-07,115.23147583007812,-0.0056929199130801855
589,2019-05-08,113.94059753417969,-0.01120247993527379
590,2019-05-09,112.6879653930664,-0.010993729787466822
591,2019-05-10,114.39956665039062,0.015188855805089663
592,2019-05-13,109.90544891357422,-0.039284394761307066
593,2019-05-14,111.42579650878906,0.013833232203167569
594,2019-05-15,112.62103271484376,0.010726745901793231
595,2019-05-16,111.86563873291016,-0.006707397044087404
596,2019-05-17,109.10224151611328,-0.024702824281857882
597,2019-05-20,108.57633972167969,-0.00482026571705152
598,2019-05-21,108.56676483154295,-8.81857885546289e-05
599,2019-05-22,106.42488098144531,-0.01972872502391576
600,2019-05-23,104.27344512939452,-0.020215534489776758
601,2019-05-24,106.7021713256836,0.02329189558545064
602,2019-05-28,105.63124084472656,-0.010036632503834129
603,2019-05-29,102.8582534790039,-0.02625158375067116
604,2019-05-30,102.198486328125,-0.006414333595636812
605,2019-05-31,97.1401824951172,-0.04949489972647236
606,2019-06-03,96.2318115234375,-0.00935113511574226
607,2019-06-04,100.11397552490234,0.04034179488057688
608,2019-06-05,101.20404052734376,0.010888240095612513
609,2019-06-06,100.36257934570312,-0.008314501844551292
610,2019-06-07,100.88849639892578,0.005240170755387964
611,2019-06-10,102.08374786376952,0.0118472522389228
612,2019-06-11,100.92674255371094,-0.011333883544348278
613,2019-06-12,100.57294464111328,-0.003505492237692809
614,2019-06-13,101.71083068847656,0.011314037303210569
615,2019-06-14,100.71637725830078,-0.009777261904601152
616,2019-06-17,99.04302215576172,-0.016614528322911326
617,2019-06-18,101.54826354980469,0.025294476476122263
618,2019-06-19,99.59761810302734,-0.019209047782689503
619,2019-06-20,99.63585662841795,0.00038393011920279113
620,2019-06-21,98.12507629394531,-0.015163018471421876
621,2019-06-24,96.0596923828125,-0.021048482091832518
622,2019-06-25,96.5951690673828,0.00557441598330688
623,2019-06-26,97.58961486816406,0.010294984836017651
624,2019-06-27,100.97454071044922,0.034685307928081555
625,2019-06-28,102.6957015991211,0.01704549361217111
626,2019-07-01,102.1315460205078,-0.005493468274022861
627,2019-07-02,101.0127944946289,-0.010954025171167505
628,2019-07-03,102.1889190673828,0.011643322795276578
629,2019-07-05,102.67657470703124,0.00477209901131137
630,2019-07-08,101.07972717285156,-0.015552208853246041
631,2019-07-09,101.77775573730469,0.006905722680270676
632,2019-07-10,103.86226654052734,0.020481005776968875
633,2019-07-11,106.2814483642578,0.02329221096659273
634,2019-07-12,106.26232147216795,-0.00017996454117086283
635,2019-07-15,106.47268676757812,0.0019796790856414503
636,2019-07-16,106.40575408935548,-0.000628637073550653
637,2019-07-17,103.5180435180664,-0.027138669294745957
638,2019-07-18,104.19694519042969,0.0065582931177095025
639,2019-07-19,103.32678985595705,-0.008351063775260847
640,2019-07-22,99.7506103515625,-0.034610380419056175
641,2019-07-23,101.30921936035156,0.015625057363517714
642,2019-07-24,105.11489868164062,0.037564985154534325
643,2019-07-25,100.89804077148438,-0.04011665294876765
644,2019-07-26,108.1460418701172,0.07183490425793515
645,2019-07-29,105.65992736816406,-0.02298849277293891
646,2019-07-30,105.13138580322266,-0.0050022896864176936
647,2019-07-31,102.97879028320312,-0.020475289121068
648,2019-08-01,98.53904724121094,-0.0431131792263475
649,2019-08-02,97.0687484741211,-0.014920976082615669
650,2019-08-05,90.9569091796875,-0.06296402694491354
651,2019-08-06,91.47583770751952,0.005705212858617026
652,2019-08-07,91.68727111816406,0.0023113580147859913
653,2019-08-08,93.00379180908205,0.014358816385987572
654,2019-08-09,91.26441192626952,-0.018702246961963875
655,2019-08-12,89.85177612304688,-0.015478495652433309
656,2019-08-13,92.38875579833984,0.028235164453718875
657,2019-08-14,91.5431137084961,-0.009153084512682041
658,2019-08-15,92.2157974243164,0.007348272180935035
659,2019-08-16,95.3293685913086,0.03376396728063402
660,2019-08-19,97.81829833984376,0.026108740520516704
661,2019-08-20,99.39431762695312,0.01611170214425428
662,2019-08-21,103.45928192138672,0.04089735099032743
663,2019-08-22,103.07489013671876,-0.0037153919641549353
664,2019-08-23,99.39431762695312,-0.035707750984587235
665,2019-08-26,97.93363189697266,-0.01469586757929886
666,2019-08-27,96.0597152709961,-0.01913455663472119
667,2019-08-28,97.99129486083984,0.020108112796238583
668,2019-08-29,101.22978973388672,0.03304880170882485
669,2019-08-30,102.5271224975586,0.01281572121291874
670,2019-09-03,100.15349578857422,-0.023151207711314625
671,2019-09-04,102.21961212158205,0.02062949791956781
672,2019-09-05,105.87133026123048,0.035724241795253686
673,2019-09-06,106.2269058227539,0.0033585632734194353
674,2019-09-09,111.45464324951172,0.049212931378050495
675,2019-09-10,114.83729553222656,0.0303500346337493
676,2019-09-11,118.0085220336914,0.02761495284931104
677,2019-09-12,118.05658721923828,0.00040730266525290665
678,2019-09-13,114.18382263183594,-0.032804307481889006
679,2019-09-16,114.35679626464844,0.0015148698723306266
680,2019-09-17,114.9237823486328,0.004958044493238667
681,2019-09-18,114.94300079345705,0.00016722774374011706
682,2019-09-19,114.11656188964844,-0.007189988934547253
683,2019-09-20,111.49307250976562,-0.022989558539449728
684,2019-09-23,109.83058166503906,-0.014911158220892616
685,2019-09-24,106.51519012451172,-0.030186415206637233
686,2019-09-25,110.33028411865234,0.03581737017678832
687,2019-09-26,108.6966323852539,-0.014806920388617528
688,2019-09-27,107.54345703125,-0.010609117584404082
689,2019-09-30,106.2557373046875,-0.011973947668320828
690,2019-10-01,101.61418914794922,-0.04368280033132399
691,2019-10-02,98.38529205322266,-0.03177604546964718
692,2019-10-03,96.52099609375,-0.018948929464621008
693,2019-10-04,97.11679077148438,0.006172695080308488
694,2019-10-07,95.47351837158205,-0.016920579714881034
695,2019-10-08,89.59232330322266,-0.0616002758531411
696,2019-10-09,85.9790267944336,-0.04033042537093234
697,2019-10-10,84.8642807006836,-0.01296532579294296
698,2019-10-11,87.35322570800781,0.029328534770744374
699,2019-10-14,92.39838409423828,0.057755833803948116
700,2019-10-15,94.44527435302734,0.02215287939128263
701,2019-10-16,95.38703155517578,0.00997145922439957
702,2019-10-17,93.95516967773438,-0.015011074923881653
703,2019-10-18,94.79122161865234,0.008898413400620921
704,2019-10-21,96.1365966796875,0.014193034313321197
705,2019-10-22,95.53118133544922,-0.006297449308044767
706,2019-10-23,96.37684631347656,0.008852240349230822
707,2019-10-24,95.18522644042969,-0.012364171672218816
708,2019-10-25,98.1738739013672,0.03139822819886784
709,2019-10-28,103.59381866455078,0.055207608173116096
710,2019-10-29,104.50674438476562,0.008812550130727459
711,2019-10-30,105.50269317626952,0.0095299953832364
712,2019-10-31,104.89352416992188,-0.0057739664079462525
713,2019-11-01,106.22789764404295,0.012721218823380063
714,2019-11-04,109.36078643798828,0.02949214719887672
715,2019-11-05,111.47837829589844,0.01936335616158824
716,2019-11-06,110.70482635498048,-0.006939031162300435
717,2019-11-07,111.13027954101562,0.0038431313253759476
718,2019-11-08,111.01422882080078,-0.001044276327695326
719,2019-11-11,112.03919982910156,0.009232789518857977
720,2019-11-12,112.91911315917969,0.007853620263446048
721,2019-11-13,112.64838409423828,-0.002397548628988666
722,2019-11-14,112.57101440429688,-0.0006868246763014341
723,2019-11-15,113.28655242919922,0.006356325637543847
724,2019-11-18,112.43565368652344,-0.00751103043062029
725,2019-11-19,113.17052459716795,0.006535924206865662
726,2019-11-20,111.77812957763672,-0.012303512990573195
727,2019-11-21,111.7877960205078,8.647883899648434e-05
728,2019-11-22,112.59034729003906,0.007179238683478807
729,2019-11-25,114.00209045410156,0.012538758410841178
730,2019-11-26,113.24787902832031,-0.006615768384395593
731,2019-11-27,114.4952163696289,0.011014222535652651
732,2019-11-29,113.9053955078125,-0.005151489123460529
733,2019-12-02,112.9094467163086,-0.008743648947126427
734,2019-12-03,112.13589477539062,-0.006851082556994181
735,2019-12-04,113.01580810546876,0.007846848075191426
736,2019-12-05,112.8030776977539,-0.001882306654979904
737,2019-12-06,115.46216583251952,0.023572833197782028
738,2019-12-09,115.67488861083984,0.0018423591553693441
739,2019-12-10,113.34455871582031,-0.020145512332061632
740,2019-12-11,113.9150619506836,0.005033353531276763
741,2019-12-12,116.4774398803711,0.02249375882178617
742,2019-12-13,115.73291015625,-0.0063920508974593115
743,2019-12-16,115.42347717285156,-0.0026736818678513297
744,2019-12-17,117.9858627319336,0.02219986454960754
745,2019-12-18,116.90290832519531,-0.009178679391435018
746,2019-12-19,119.37826538085938,0.02117446940480061
747,2019-12-20,118.82711791992188,-0.004616815792884421
748,2019-12-23,118.9818115234375,0.001301837545364615
749,2019-12-24,119.55231475830078,0.004794877700705635
750,2019-12-26,117.18331146240234,-0.019815620472826926
751,2019-12-27,118.40164947509766,0.010396855981375852
752,2019-12-30,118.75942993164062,0.00302175229930568
753,2019-12-31,117.69578552246094,-0.008956294332095882
754,2020-01-02,119.08818817138672,0.011830522586214977
755,2020-01-03,119.71668243408205,0.005277553318645101
756,2020-01-06,119.28157043457031,-0.0036345143439078242
757,2020-01-07,119.34925842285156,0.0005674639261927794
758,2020-01-08,119.99710845947266,0.005428186527357992
759,2020-01-09,120.5772705078125,0.0048348002363389755
760,2020-01-10,122.52082061767578,0.016118710447483142
761,2020-01-13,124.00989532470705,0.012153646209062785
762,2020-01-14,122.79155731201172,-0.009824522547214777
763,2020-01-15,121.95999145507812,-0.006772174530050079
764,2020-01-16,122.84957122802734,0.007294029479141706
765,2020-01-17,124.0872573852539,0.01007481055777748
766,2020-01-21,124.0872573852539,0.0
767,2020-01-22,125.91478729248048,0.014727780641912602
768,2020-01-23,125.45065307617188,-0.0036860977672978907
769,2020-01-24,122.7432098388672,-0.021581738882305745
770,2020-01-27,121.57322692871094,-0.009531956282487486
771,2020-01-28,122.50148010253906,0.007635342067315864
772,2020-01-29,122.29841613769531,-0.0016576449906873234
773,2020-01-30,122.99832916259766,0.005722993371511054
774,2020-01-31,119.59601593017578,-0.027661458944895027
775,2020-02-03,123.3288345336914,0.031211897607818177
776,2020-02-04,126.2450942993164,0.023646211988067826
777,2020-02-05,131.12498474121094,0.038654099543264035
778,2020-02-06,131.65965270996094,0.004077544564105917
779,2020-02-07,130.49314880371094,-0.008859995315495306
780,2020-02-10,134.27455139160156,0.028977786363164837
781,2020-02-11,134.9161376953125,0.004778167545984147
782,2020-02-12,134.5953369140625,-0.0023777791651171665
783,2020-02-13,132.28176879882812,-0.017189065893951194
784,2020-02-14,132.27204895019528,-7.347836909876726e-05
785,2020-02-18,130.95973205566406,-0.009921346988624569
786,2020-02-19,133.38993835449222,0.018556897304853992
787,2020-02-20,133.6427001953125,0.0018949093457749644
788,2020-02-21,130.82363891601562,-0.021094016172802155
789,2020-02-24,123.0858154296875,-0.05914698253650896
790,2020-02-25,119.36270904541016,-0.030248053939279092
791,2020-02-26,117.1657943725586,-0.018405368732170583
792,2020-02-27,113.79264831542969,-0.02878951211992065
793,2020-02-28,107.31855010986328,-0.056893817846829675
794,2020-03-02,109.39881134033205,0.019383985604904064
795,2020-03-03,105.83124542236328,-0.03261064607795705
796,2020-03-04,109.107177734375,0.030954301812643026
797,2020-03-05,99.63904571533205,-0.08677826899797036
798,2020-03-06,98.87109375,-0.007707339625934173
799,2020-03-09,87.14772033691406,-0.11857230428469835
800,2020-03-10,96.5964126586914,0.10842156610922916
801,2020-03-11,90.0737075805664,-0.06752533451911903
802,2020-03-12,78.3211441040039,-0.13047718132453268
803,2020-03-13,82.50113677978516,0.053369913368867206
804,2020-03-16,70.42779541015625,-0.1463415152915466
805,2020-03-17,76.72692108154297,0.08944090376110703
806,2020-03-18,71.13742065429688,-0.07284927309028533
807,2020-03-19,72.32337188720703,0.016671271210035418
808,2020-03-20,65.82982635498047,-0.08978488367983818
809,2020-03-23,55.72010040283203,-0.15357363845428962
810,2020-03-24,66.92827606201172,0.2011513902191393
811,2020-03-25,68.11422729492189,0.017719733761128786
812,2020-03-26,76.23116302490234,0.1191665244154594
813,2020-03-27,72.9066162109375,-0.04361138781102969
814,2020-03-30,73.46070861816406,0.007600029133479902
815,2020-03-31,73.98564147949219,0.007145763649744064
816,2020-04-01,70.36947631835938,-0.048876580493461885
817,2020-04-02,69.02798461914061,-0.019063545295544104
818,2020-04-03,63.23434066772461,-0.08393181379091708
819,2020-04-06,69.62096405029297,0.10099928796803526
820,2020-04-07,75.81316375732422,0.0889415967086884
821,2020-04-08,77.73789978027344,0.02538788684654092
822,2020-04-09,82.267822265625,0.05827173744280989
823,2020-04-13,82.1414566040039,-0.0015360277948416323
824,2020-04-14,79.79872131347656,-0.02852074199050847
825,2020-04-15,76.79497528076172,-0.03764153088262034
826,2020-04-16,75.15213775634766,-0.02139251322639102
827,2020-04-17,78.4280776977539,0.04359077518230081
828,2020-04-20,75.25907135009766,-0.04040652838475733
829,2020-04-21,74.51055908203125,-0.00994580792240185
830,2020-04-22,73.87870788574219,-0.008480022215286764
831,2020-04-23,72.9066162109375,-0.013157940936217805
832,2020-04-24,73.5481948852539,0.008800006195050392
833,2020-04-27,78.1364517211914,0.062384356857375874
834,2020-04-28,79.71123504638672,0.02015427230832678
835,2020-04-29,84.16088104248047,0.055822068162716836
836,2020-04-30,79.65242767333984,-0.05356946497345927
837,2020-05-01,91.14896392822266,0.14433378354807844
838,2020-05-04,91.6488037109375,0.005483768121691934
839,2020-05-05,86.49349975585938,-0.056250640994050194
840,2020-05-06,86.14067077636719,-0.0040792542848664395
841,2020-05-07,87.91464233398438,0.020593890686347868
842,2020-05-08,93.5698013305664,0.06432556450719895
843,2020-05-11,89.66901397705078,-0.04168852875656748
844,2020-05-12,84.68032836914062,-0.05563444256437256
845,2020-05-13,80.58352661132812,-0.04837961586489858
846,2020-05-14,81.2205810546875,0.007905517047324341
847,2020-05-15,79.58381652832031,-0.020152090826155544
848,2020-05-18,87.38539123535156,0.09802966290583748
849,2020-05-19,83.082763671875,-0.04923737826942343
850,2020-05-20,86.7091293334961,0.043647629199516924
851,2020-05-21,87.29718780517578,0.006781967206912265
852,2020-05-22,89.0123519897461,0.019647416230613283
853,2020-05-26,95.00074005126952,0.06727592213509047
854,2020-05-27,97.59799194335938,0.027339280627584502
855,2020-05-28,91.8448257446289,-0.05894758779534415
856,2020-05-29,91.12935638427734,-0.007789980051145173
857,2020-06-01,99.83261108398438,0.0955044021490381
858,2020-06-02,103.08653259277344,0.03259377345196035
859,2020-06-03,111.09391784667969,0.07767634677885726
860,2020-06-04,108.89849853515624,-0.0197618317372994
861,2020-06-05,109.03571319580078,0.0012600234391684226
862,2020-06-08,112.83848571777344,0.03487639426124378
863,2020-06-09,111.8191909790039,-0.009033218872849358
864,2020-06-10,110.4274444580078,-0.012446401273439987
865,2020-06-11,99.73460388183594,-0.09683136858462772
866,2020-06-12,106.90890502929688,0.07193392130940768
867,2020-06-15,111.14292907714844,0.039604035292394764
868,2020-06-16,113.57356262207031,0.021869439334594842
869,2020-06-17,114.16163635253906,0.005177910394742469
870,2020-06-18,114.68107604980469,0.004550037244224203
871,2020-06-19,112.76988220214844,-0.01666529399171524
872,2020-06-22,112.32884216308594,-0.003910973661140349
873,2020-06-23,112.87769317626952,0.004886109414238725
874,2020-06-24,107.72239685058594,-0.04567152446704492
875,2020-06-25,111.99561309814452,0.03966878172498944
876,2020-06-26,104.90951538085938,-0.06327120787378893
877,2020-06-29,110.64308166503906,0.0546524904186696
878,2020-06-30,113.97540283203124,0.0301177544663882
879,2020-07-01,110.81949615478516,-0.027689366291576367
880,2020-07-02,111.79959869384766,0.008844134588859244
881,2020-07-06,115.6905746459961,0.034803129864566795
882,2020-07-07,125.25630950927734,0.08268378727093051
883,2020-07-08,124.55064392089844,-0.005633772790716307
884,2020-07-09,119.60115814208984,-0.0397387409891834
885,2020-07-10,124.73685455322266,0.04294018963454716
886,2020-07-13,121.65936279296876,-0.0246718724091346
887,2020-07-14,124.8054656982422,0.025859932462635404
888,2020-07-15,127.15770721435548,0.01884726364308897
889,2020-07-16,127.23612213134766,0.0006166745115967487
890,2020-07-17,124.79566955566406,-0.019180501062145527
891,2020-07-20,125.3641357421875,0.00455517558059082
892,2020-07-21,128.67683410644528,0.026424609754981176
893,2020-07-22,128.76504516601562,0.00068552401201738
894,2020-07-23,129.51971435546878,0.005860823397220605
895,2020-07-24,131.10746765136722,0.012258777003945731
896,2020-07-27,135.87074279785156,0.03633107428442249
897,2020-07-28,133.78315734863278,-0.0153644957422856
898,2020-07-29,136.04718017578122,0.016923078151373616
899,2020-07-30,134.03807067871094,-0.014767740826927778
900,2020-07-31,133.86079406738278,-0.0013225840272879095
901,2020-08-03,134.32369995117188,0.003458113983367373
902,2020-08-04,133.18125915527344,-0.008505131978301161
903,2020-08-05,137.99717712402344,0.036160627998983015
904,2020-08-06,136.59869384765622,-0.01013414408550073
905,2020-08-07,140.88279724121094,0.03136269661796787
906,2020-08-10,140.40020751953122,-0.003425469476258769
907,2020-08-11,140.99111938476562,0.0042087677480975305
908,2020-08-12,142.75399780273438,0.012503471322600436
909,2020-08-13,139.82899475097656,-0.020489815324119642
910,2020-08-14,140.45928955078122,0.0045076116075006825
911,2020-08-17,141.01080322265625,0.003926501932616011
912,2020-08-18,138.03656005859378,-0.02109230708633114
913,2020-08-19,139.11006164550778,0.007776936678647539
914,2020-08-20,138.21383666992188,-0.00644256040853286
915,2020-08-21,137.48504638671878,-0.005272918405004322
916,2020-08-24,137.89869689941406,0.003008694571275505
917,2020-08-25,138.52900695800778,0.004570819541924287
918,2020-08-26,136.96308898925778,-0.011303899473015577
919,2020-08-27,137.86915588378906,0.006615409313689868
920,2020-08-28,137.0714111328125,-0.005786245269021495
921,2020-08-31,139.75019836425778,0.019543004695922628
922,2020-09-01,140.06535339355472,0.002255131176812197
923,2020-09-02,141.14869689941406,0.007734557330643987
924,2020-09-03,139.02143859863278,-0.015071044561588918
925,2020-09-04,136.56915283203122,-0.017639623005783478
926,2020-09-08,130.98504638671878,-0.0408884900397708
927,2020-09-09,132.97444152832028,0.015187956155911397
928,2020-09-10,130.46305847167972,-0.018886208716324626
929,2020-09-11,132.95472717285156,0.019098653138756028
930,2020-09-14,134.44184875488278,0.011185172679853972
931,2020-09-15,134.01837158203122,-0.003149891025551521
932,2020-09-16,137.63276672363278,0.02696940053020436
933,2020-09-17,137.0714111328125,-0.004078647869860008
934,2020-09-18,137.02218627929688,-0.0003591183100021267
935,2020-09-21,128.93655395507812,-0.05900965780634637
936,2020-09-22,133.98883056640622,0.039184206932413534
937,2020-09-23,132.82670593261722,-0.008673294847610813
938,2020-09-24,131.35928344726562,-0.011047646443148372
939,2020-09-25,132.70852661132812,0.010271395585102816
940,2020-09-28,136.39186096191406,0.027755069283329048
941,2020-09-29,135.06231689453122,-0.0097479721884145
942,2020-09-30,136.54945373535156,0.011010745817292776
943,2020-10-01,136.20475769042972,-0.002524331189122986
944,2020-10-02,140.25248718261722,0.02971797432647172
945,2020-10-05,146.21083068847656,0.04248297927224076
946,2020-10-06,143.47293090820312,-0.018725697456072443
947,2020-10-07,142.01535034179688,-0.010159272255606422
948,2020-10-08,151.93280029296875,0.06983364775218281
949,2020-10-09,153.25250244140625,0.008686091126423934
950,2020-10-12,154.15855407714844,0.005912149043625582
951,2020-10-13,153.7843017578125,-0.0024277103633746355
952,2020-10-14,156.44342041015625,0.017291222978867316
953,2020-10-15,160.2646484375,0.02442562312512364
954,2020-10-16,162.41162109375,0.013396420715247714
955,2020-10-19,160.63888549804688,-0.010915078513253906
956,2020-10-20,164.21389770507812,0.02225496146806072
957,2020-10-21,164.22372436523438,5.984061211372626e-05
958,2020-10-22,166.43963623046875,0.013493250587266914
959,2020-10-23,174.8699493408203,0.050650874402766284
960,2020-10-26,170.54647827148438,-0.02472392246714461
961,2020-10-27,163.1305389404297,-0.043483391778103016
962,2020-10-28,156.73887634277344,-0.03918127555497308
963,2020-10-29,157.14474487304688,0.002589456679438218
964,2020-10-30,157.9466094970703,0.005102713582125995
965,2020-11-02,161.6292266845703,0.02331558239348164
966,2020-11-03,163.89620971679688,0.014025823662763282
967,2020-11-04,166.72747802734375,0.017274763799840942
968,2020-11-05,172.5384521484375,0.03485312792976303
969,2020-11-06,167.32144165039062,-0.03023679900384524
970,2020-11-09,171.50894165039062,0.025026678940225592
971,2020-11-10,175.59742736816406,0.02383832398725616
972,2020-11-11,177.52783203125,0.010993353900559109
973,2020-11-12,173.76600646972656,-0.02119006083993213
974,2020-11-13,179.9532012939453,0.03560647418859042
975,2020-11-16,184.8930511474609,0.027450747294273325
976,2020-11-17,188.77365112304688,0.020988349489083902
977,2020-11-18,181.08175659179688,-0.04074665338880501
978,2020-11-19,177.5971221923828,-0.019243431613430232
979,2020-11-20,176.95364379882812,-0.0036232478635416228
980,2020-11-23,180.8243560791016,0.02187415979223317
981,2020-11-24,181.9033966064453,0.0059673406323188525
982,2020-11-25,180.76495361328125,-0.006258503218755872
983,2020-11-27,183.25962829589844,0.01380065456689228
984,2020-11-30,177.0823516845703,-0.033707787518558296
985,2020-12-01,178.08218383789062,0.005646142282440758
986,2020-12-02,182.546875,0.025070959182382998
987,2020-12-03,197.5248260498047,0.08204989019836506
988,2020-12-04,203.92979431152344,0.032426143031275334
989,2020-12-07,203.5734100341797,-0.0017475831746259773
990,2020-12-08,212.17608642578125,0.042258349900201615
991,2020-12-09,210.97824096679688,-0.005645525276494201
992,2020-12-10,212.0473937988281,0.005067597621118969
993,2020-12-11,208.7013702392578,-0.01577960237862996
994,2020-12-14,202.1479034423828,-0.03140116803910786
995,2020-12-15,211.61183166503903,0.046816850738962364
996,2020-12-16,210.8594665527344,-0.003555401918620249
997,2020-12-17,212.6611785888672,0.008544610614777294
998,2020-12-18,206.3749847412109,-0.029559668056807094
999,2020-12-21,202.70225524902344,-0.017796388921811346
1000,2020-12-22,205.4048309326172,0.013332736136919543
1001,2020-12-23,209.9090881347656,0.02192868191900521
1002,2020-12-24,212.7007598876953,0.013299432519745968
1003,2020-12-28,211.32472229003903,-0.006469359105171103
1004,2020-12-29,209.54283142089844,-0.008432003836706725
1005,2020-12-30,212.9878387451172,0.016440587830460984
1006,2020-12-31,214.8192596435547,0.008598711124672144
1007,2021-01-04,210.4931945800781,-0.020138162056115183
1008,2021-01-05,213.5026092529297,0.014296968977335343
1009,2021-01-06,227.4609375,0.06537778763412838
1010,2021-01-07,229.8665008544922,0.010575720741026862
1011,2021-01-08,231.5098419189453,0.007149110715760187
1012,2021-01-11,230.67828369140625,-0.003591891474878261
1013,2021-01-12,232.1235809326172,0.006265423940575277
1014,2021-01-13,231.4603271484375,-0.002857330485403043
1015,2021-01-14,232.9947662353516,0.006629382693000618
1016,2021-01-15,224.68907165527344,-0.03564755858802615
1017,2021-01-19,221.1153564453125,-0.015905158108641237
1018,2021-01-20,222.4814758300781,0.006178310754746175
1019,2021-01-21,217.6604156494141,-0.02166949029206422
1020,2021-01-22,220.7886505126953,0.014372088989850429
1021,2021-01-25,213.868896484375,-0.031341076691450816
1022,2021-01-26,214.5915679931641,0.0033790397793627136
1023,2021-01-27,201.8706970214844,-0.059279453944271025
1024,2021-01-28,215.8953094482422,0.06947324516972953
1025,2021-01-29,208.7289276123047,-0.03319378199671141
1026,2021-02-01,220.2984771728516,0.055428587177127175
1027,2021-02-02,232.62342834472656,0.05594660176522459
1028,2021-02-03,230.87408447265625,-0.007520067452010616
1029,2021-02-04,234.7206573486328,0.016660912309679917
1030,2021-02-05,240.18736267089844,0.023290260789214926
1031,2021-02-08,244.2923889160156,0.017090933509028128
1032,2021-02-09,248.5464630126953,0.017413862607656542
1033,2021-02-10,251.9259033203125,0.013596815125245021
1034,2021-02-11,253.4665069580078,0.0061153046089765795
1035,2021-02-12,256.37875366210943,0.011489670722389043
1036,2021-02-16,260.6229248046875,0.016554301329398058
1037,2021-02-17,251.94577026367188,-0.033293903625394194
1038,2021-02-18,247.49288940429688,-0.01767396553121281
1039,2021-02-19,245.5050048828125,-0.008032087411760092
1040,2021-02-22,241.7677459716797,-0.015222740216301213
1041,2021-02-23,253.7646942138672,0.04962178968071607
1042,2021-02-24,256.67697143554693,0.011476289996532607
1043,2021-02-25,249.3813781738281,-0.02842324818200836
1044,2021-02-26,249.3813781738281,0.0
1045,2021-03-01,262.17349243164057,0.051295386814711914
1046,2021-03-02,252.1942443847656,-0.038063527911682334
1047,2021-03-03,244.4911651611328,-0.030544230866269895
1048,2021-03-04,236.37062072753903,-0.03321406083627565
1049,2021-03-05,244.42160034179688,0.03406083035817753
1050,2021-03-08,244.14328002929688,-0.0011386895107093895
1051,2021-03-09,252.46261596679688,0.03407562942752995
1052,2021-03-10,257.82992553710943,0.02125981920039388
1053,2021-03-11,259.09228515625,0.004896094262567985
1054,2021-03-12,257.740478515625,-0.005217471604026192
1055,2021-03-15,260.06631469726557,0.009023946083422718
1056,2021-03-16,255.8619384765625,-0.016166554386704224
1057,2021-03-17,259.5097045898437,0.014256775099104281
1058,2021-03-18,253.48638916015625,-0.02321036679228361
1059,2021-03-19,254.77850341796875,0.005097371350365254
1060,2021-03-22,251.46868896484366,-0.012990948642536249
1061,2021-03-23,239.17355346679688,-0.0488933057577029
1062,2021-03-24,233.82611083984366,-0.022358001331846955
1063,2021-03-25,233.29931640625,-0.0022529324535295325
1064,2021-03-26,238.6268768310547,0.02283573096942848
1065,2021-03-29,238.54736328125,-0.0003332128838989812
1066,2021-03-30,237.21548461914062,-0.0055832881310831075
1067,2021-03-31,234.07460021972656,-0.013240638166841734
1068,2021-04-01,239.49159240722656,0.0231421614409042
1069,2021-04-05,244.3719024658203,0.020377792846670628
1070,2021-04-06,243.6860656738281,-0.002806528840148204
1071,2021-04-07,241.2012023925781,-0.010196985512400893
1072,2021-04-08,246.00196838378903,0.019903574043537372
1073,2021-04-09,251.38916015625,0.02189897832059784
1074,2021-04-12,252.43280029296875,0.00415149219668054
1075,2021-04-13,250.0175018310547,-0.009568084888774031
1076,2021-04-14,253.5062713623047,0.013954101235710505
1077,2021-04-15,255.086669921875,0.0062341596169495075
1078,2021-04-16,258.42630004882807,0.01309213895016903
1079,2021-04-19,255.12640380859366,-0.012769196632118729
1080,2021-04-20,246.87664794921875,-0.03233595479033291
1081,2021-04-21,251.9656524658203,0.02061355158082168
1082,2021-04-22,250.1168975830078,-0.0073373289760726434
1083,2021-04-23,255.255615234375,0.02054526383872868
1084,2021-04-26,260.0961303710937,0.018963403145016544
1085,2021-04-27,259.10220336914057,-0.003821383272926915
1086,2021-04-28,270.443115234375,0.04377003251136835
1087,2021-04-29,275.11883544921875,0.017289107954519878
1088,2021-04-30,272.62646484375,-0.009059251073810226
1089,2021-05-03,273.354248046875,0.002669525145117868
1090,2021-05-04,269.07730102539057,-0.015646169949958155
1091,2021-05-05,273.16482543945307,0.015190892722968032
1092,2021-05-06,275.98617553710943,0.0103283799190379
1093,2021-05-07,274.739990234375,-0.0045153903100731965
1094,2021-05-10,268.77822875976557,-0.021699649437723182
1095,2021-05-11,262.8563232421875,-0.02203268302237038
1096,2021-05-12,251.8101043701172,-0.04202378978683608
1097,2021-05-13,258.96823120117193,0.02842668624819566
1098,2021-05-14,267.22299194335943,0.0318755729376512
1099,2021-05-17,272.7161865234375,0.020556594101911685
1100,2021-05-18,275.66717529296875,0.010820732011363798
1101,2021-05-19,269.66549682617193,-0.021771465755465624
1102,2021-05-20,277.15261840820307,0.027764477362327792
1103,2021-05-21,276.62423706054693,-0.0019064634882067773
1104,2021-05-24,277.69097900390625,0.003856285171157437
1105,2021-05-25,272.1778564453125,-0.019853444927774192
1106,2021-05-26,275.766845703125,0.013186191208518272
1107,2021-05-27,277.45169067382807,0.0061096719818047865
1108,2021-05-28,280.372802734375,0.010528362805981129
1109,2021-06-01,286.24481201171875,0.020943576623966956
1110,2021-06-02,294.7687683105469,0.029778552976810424
1111,2021-06-03,297.26116943359375,0.008455445050477906
1112,2021-06-04,293.35308837890625,-0.013146961179403394
1113,2021-06-07,290.0531921386719,-0.011248888697473314
1114,2021-06-08,295.4765930175781,0.018697952740728274
1115,2021-06-09,288.348388671875,-0.024124429867373842
1116,2021-06-10,290.8706970214844,0.008747433482209077
1117,2021-06-11,292.8446350097656,0.006786307484715204
1118,2021-06-14,289.1160583496094,-0.01273226897269919
1119,2021-06-15,287.7003479003906,-0.004896685633098974
1120,2021-06-16,284.25091552734375,-0.011989670496474923
1121,2021-06-17,275.82669067382807,-0.0296365794913519
1122,2021-06-18,262.80645751953125,-0.047204398974186164
1123,2021-06-21,269.94464111328125,0.02716137061898305
1124,2021-06-22,273.2047119140625,0.012076812443234221
1125,2021-06-23,273.43399047851557,0.0008392189243251469
1126,2021-06-24,273.46389770507807,0.00010937640382668869
1127,2021-06-25,273.96237182617193,0.001822815096534036
1128,2021-06-28,274.06207275390625,0.0003639219761084611
1129,2021-06-29,270.60263061523443,-0.012622841620913428
1130,2021-06-30,276.92330932617193,0.02335778738206273
1131,2021-07-01,275.89645385742193,-0.0037080860807586773
1132,2021-07-02,273.72311401367193,-0.007877375056343228
1133,2021-07-06,271.07119750976557,-0.009688317749351305
1134,2021-07-07,271.76907348632807,0.0025745117259732275
1135,2021-07-08,265.26895141601557,-0.02391781370458068
1136,2021-07-09,275.41793823242193,0.03825923374081541
1137,2021-07-12,280.83139038085943,0.019655408733287198
1138,2021-07-13,275.94631958007807,-0.017395031211276946
1139,2021-07-14,267.70150756835943,-0.029878318450723307
1140,2021-07-15,264.18228149414057,-0.013146082389245415
1141,2021-07-16,261.03189086914057,-0.011925064039807198
1142,2021-07-19,249.7364501953125,-0.043272263156116215
1143,2021-07-20,257.42294311523443,0.030778418264176155
1144,2021-07-21,263.66387939453125,0.024243900733055712
1145,2021-07-22,261.54034423828125,-0.008053947932217366
1146,2021-07-23,264.1922607421875,0.01013960775967382
1147,2021-07-26,265.4583740234375,0.004792393530730799
1148,2021-07-27,261.99893188476557,-0.013031957087051628
1149,2021-07-28,268.19998168945307,0.023668225515571573
1150,2021-07-29,274.0599975585937,0.02184942680542723
1151,2021-07-30,276.1300048828125,0.007553117356268845
1152,2021-08-02,277.6300048828125,0.005432223856427942
1153,2021-08-03,281.6099853515625,0.014335555951273891
1154,2021-08-04,284.9599914550781,0.011895906671538949
1155,2021-08-05,309.5199890136719,0.08618752910955729
1156,2021-08-06,312.67999267578125,0.010209368616802994
1157,2021-08-09,312.70001220703125,6.40256227419922e-05
1158,2021-08-10,311.010009765625,-0.00540454869022311
1159,2021-08-11,310.7699890136719,-0.000771746067382173
1160,2021-08-12,312.32000732421875,0.00498767051305804
1161,2021-08-13,313.0899963378906,0.002465384847639696
1162,2021-08-16,312.8800048828125,-0.0006707063704823879
1163,2021-08-17,313.6600036621094,0.0024929646098319487
1164,2021-08-18,305.1000061035156,-0.02729068883074748
1165,2021-08-19,299.4599914550781,-0.0184857900216624
